ts heap stack kmem
275872268 1622 384 294912
275873675 3670 384 294912
275875177 3670 352 294912
275877496 3670 352 299008
275879049 7766 352 299008
275879587 7766 320 299008
275937011 7766 320 303104
275937770 11862 320 303104
275938185 11862 320 303104
275991829 11862 320 307200
275992447 15958 320 307200
275992837 15958 320 307200
276046313 15958 320 311296
276046902 20054 320 311296
276047267 20054 320 311296
276100658 20054 320 315392
276101230 24150 320 315392
276101598 24150 320 315392
276155024 24150 320 319488
276157740 28246 320 319488
276158106 28246 320 319488
276211622 28246 320 323584
276212197 32342 320 323584
276212562 32342 320 323584
276266100 32342 320 327680
276266662 36438 320 327680
276267027 36438 320 327680
276320616 36438 320 331776
276321171 40534 320 331776
276321532 40534 320 331776
276375132 40534 320 335872
276375698 44630 320 335872
276376058 44630 320 335872
276429421 44630 320 339968
276429977 48726 320 339968
276430344 48726 320 339968
276483766 48726 320 344064
276484327 52822 320 344064
276484699 52822 320 344064
276538154 52822 320 348160
276538763 56918 320 348160
276539123 56918 320 348160
276592493 56918 320 352256
276593066 61014 320 352256
276593435 61014 320 352256
276646857 61014 320 356352
276647421 65110 320 356352
276647797 65110 320 356352
276706097 65110 320 360448
276706739 69206 320 360448
276707130 69206 320 360448
276760660 69206 320 364544
276761230 73302 320 364544
276761620 73302 320 364544
276815879 73302 320 368640
276816444 77398 320 368640
276816823 77398 320 368640
276870338 77398 320 372736
276870891 81494 320 372736
276871274 81494 320 372736
276924673 81494 320 376832
276926097 85590 320 376832
276926487 85590 320 376832
276979908 85590 320 380928
276980483 89686 320 380928
276980870 89686 320 380928
277034291 89686 320 385024
277034872 93782 320 385024
277035261 93782 320 385024
277088605 93782 320 389120
277089171 97878 320 389120
277089555 97878 320 389120
277142954 97878 320 393216
277143512 101974 320 393216
277143901 101974 320 393216
277197428 101974 320 397312
277198256 106070 320 397312
277198652 106070 320 397312
277252034 106070 320 401408
277252601 110166 320 401408
277252978 110166 320 401408
277306321 110166 320 405504
277306907 114262 320 405504
277307290 114262 320 405504
277360754 114262 320 409600
277361319 118358 320 409600
277361704 118358 320 409600
277415062 118358 320 413696
277415633 122454 320 413696
277416015 122454 320 413696
277469353 122454 320 417792
277469928 126550 320 417792
277470314 126550 320 417792
277523714 126550 320 421888
277524273 130646 320 421888
277524663 130646 320 421888
277578053 130646 320 425984
277578617 134742 320 425984
277579002 134742 320 425984
277632466 134742 320 430080
277633008 138838 320 430080
277633393 138838 320 430080
277686874 138838 320 434176
277688248 142934 320 434176
277688634 142934 320 434176
277742034 142934 320 438272
277742602 147030 320 438272
277742991 147030 320 438272
277796651 147030 320 442368
277797230 151126 320 442368
277797615 151126 320 442368
277851038 151126 320 446464
277851605 155222 320 446464
277851983 155222 320 446464
277905372 155222 320 450560
277905935 159318 320 450560
277906324 159318 320 450560
277959773 159318 320 454656
277960335 163414 320 454656
277960708 163414 320 454656
278014154 163414 320 458752
278014715 167510 320 458752
278015097 167510 320 458752
278068505 167510 320 462848
278069267 171606 320 462848
278069650 171606 320 462848
278123312 171606 320 466944
278124001 175702 320 466944
278124383 175702 320 466944
278177817 175702 320 471040
278178422 179798 320 471040
278178801 179798 320 471040
278232193 179798 320 475136
278232757 183894 320 475136
278233136 183894 320 475136
278286520 183894 320 479232
278287090 187990 320 479232
278287475 187990 320 479232
278340859 187990 320 483328
278341424 192086 320 483328
278341812 192086 320 483328
278395250 192086 320 487424
278395809 196182 320 487424
278396218 196182 320 487424
278449643 196182 320 491520
278451180 200278 320 491520
278451566 200278 320 491520
278505858 200278 320 495616
278506411 204374 320 495616
278506794 204374 320 495616
278560194 204374 320 499712
278560764 208470 320 499712
278561152 208470 320 499712
278614539 208470 320 503808
278615104 212566 320 503808
278615486 212566 320 503808
278668821 212566 320 507904
278669385 216662 320 507904
278669778 216662 320 507904
278723163 216662 320 512000
278723729 220758 320 512000
278724123 220758 320 512000
278777522 220758 320 516096
278778094 224854 320 516096
278778478 224854 320 516096
278832061 224854 320 520192
278832640 228950 320 520192
278833034 228950 320 520192
278886440 228950 320 524288
278886995 233046 320 524288
278887371 233046 320 524288
278979826 233046 320 528384
278981355 237142 320 528384
278982028 237142 320 528384
279036455 237142 320 532480
279037072 241238 320 532480
279037459 241238 320 532480
279090886 241238 320 536576
279091466 245334 320 536576
279091835 245334 320 536576
279145209 245334 320 540672
279145768 249430 320 540672
279147774 249430 320 540672
279163118 249430 320 544768
279221697 249430 320 548864
279222331 253526 320 548864
279222774 253526 320 548864
279276210 253526 320 552960
279277724 257622 320 552960
279278121 257622 320 552960
279331549 257622 320 557056
279332110 261718 320 557056
279332492 261718 320 557056
279386991 261718 320 561152
279388299 265814 320 561152
279389018 265814 320 561152
279442635 265814 320 565248
279443231 269910 320 565248
279443636 269910 320 565248
279497085 269910 320 569344
279497638 274006 320 569344
279498033 274006 320 569344
279551436 274006 320 573440
279551979 278102 320 573440
279552368 278102 320 573440
279605799 278102 320 577536
279606378 282198 320 577536
279606761 282198 320 577536
279660179 282198 320 581632
279660778 286294 320 581632
279661161 286294 320 581632
279714564 286294 320 585728
279715122 290390 320 585728
279715505 290390 320 585728
279768935 290390 320 589824
279769528 294486 320 589824
279769915 294486 320 589824
279823748 294486 320 593920
279824316 298582 320 593920
279824703 298582 320 593920
279878153 298582 320 598016
279878690 302678 320 598016
279879078 302678 320 598016
279932403 302678 320 602112
279932964 306774 320 602112
279933341 306774 320 602112
279988439 306774 320 606208
279989002 310870 320 606208
279989400 310870 320 606208
280042774 310870 320 610304
280044143 314966 320 610304
280044526 314966 320 610304
280097863 314966 320 614400
280098425 319062 320 614400
280098810 319062 320 614400
280152193 319062 320 618496
280152749 323158 320 618496
280153136 323158 320 618496
280206476 323158 320 622592
280207037 327254 320 622592
280207421 327254 320 622592
280260696 327254 320 626688
280261541 331350 320 626688
280261922 331350 320 626688
280315345 331350 320 630784
280315917 335446 320 630784
280316303 335446 320 630784
280371807 335446 320 634880
280372414 339542 320 634880
280372830 339542 320 634880
280426208 339542 320 638976
280426768 343638 320 638976
280427153 343638 320 638976
280480489 343638 320 643072
280481041 347734 320 643072
280481420 347734 320 643072
280534763 347734 320 647168
280535316 351830 320 647168
280535695 351830 320 647168
280589141 351830 320 651264
280589697 355926 320 651264
280590076 355926 320 651264
280643406 355926 320 655360
280643954 360022 320 655360
280644332 360022 320 655360
280697666 360022 320 659456
280698548 364118 320 659456
280698936 364118 320 659456
280752330 364118 320 663552
280752866 368214 320 663552
280753244 368214 320 663552
280806772 368214 320 667648
280808089 372310 320 667648
280808476 372310 320 667648
280861793 372310 320 671744
280862418 376406 320 671744
280862797 376406 320 671744
280916125 376406 320 675840
280916675 380502 320 675840
280917053 380502 320 675840
280970437 380502 320 679936
280970999 384598 320 679936
280971389 384598 320 679936
281024778 384598 320 684032
281025333 388694 320 684032
281025723 388694 320 684032
281079123 388694 320 688128
281079686 392790 320 688128
281080076 392790 320 688128
281133458 392790 320 692224
281134026 396886 320 692224
281134409 396886 320 692224
281187906 396886 320 696320
281188454 400982 320 696320
281188828 400982 320 696320
281242189 400982 320 700416
281242747 405078 320 700416
281243137 405078 320 700416
281296487 405078 320 704512
281297043 409174 320 704512
281297426 409174 320 704512
281350766 409174 320 708608
281351323 413270 320 708608
281351699 413270 320 708608
281405105 413270 320 712704
281405660 417366 320 712704
281406036 417366 320 712704
281459339 417366 320 716800
281459892 421462 320 716800
281460264 421462 320 716800
281513611 421462 320 720896
281514164 425558 320 720896
281514547 425558 320 720896
281567895 425558 320 724992
281569297 429654 320 724992
281569688 429654 320 724992
281623218 429654 320 729088
281623767 433750 320 729088
281624153 433750 320 729088
281679034 433750 320 733184
281679696 437846 320 733184
281680096 437846 320 733184
281733538 437846 320 737280
281734142 441942 320 737280
281734538 441942 320 737280
281788055 441942 320 741376
281788638 446038 320 741376
281789013 446038 320 741376
281842333 446038 320 745472
281842903 450134 320 745472
281843287 450134 320 745472
281896624 450134 320 749568
281897185 454230 320 749568
281897563 454230 320 749568
281950938 454230 320 753664
281951490 458326 320 753664
281951871 458326 320 753664
282005194 458326 320 757760
282005757 462422 320 757760
282006131 462422 320 757760
282059492 462422 320 761856
282060199 466518 320 761856
282060578 466518 320 761856
282113885 466518 320 765952
282114485 470614 320 765952
282114873 470614 320 765952
282168908 470614 320 770048
282169522 474710 320 770048
282169902 474710 320 770048
282223302 474710 320 774144
282223882 478806 320 774144
282224244 478806 320 774144
282277578 478806 320 778240
282278132 482902 320 778240
282278486 482902 320 778240
282331864 482902 320 782336
282333196 486998 320 782336
282333558 486998 320 782336
282386904 486998 320 786432
282387457 491094 320 786432
282387818 491094 320 786432
282441131 491094 320 790528
282441798 495190 320 790528
282442168 495190 320 790528
282495560 495190 320 794624
282496126 499286 320 794624
282496485 499286 320 794624
282549789 499286 320 798720
282550387 503382 320 798720
282550745 503382 320 798720
282604070 503382 320 802816
282604632 507478 320 802816
282604993 507478 320 802816
282658293 507478 320 806912
282658848 511574 320 806912
282659206 511574 320 806912
282712485 511574 320 811008
282713046 515670 320 811008
282713400 515670 320 811008
282766808 515670 320 815104
282767369 519766 320 815104
282767720 519766 320 815104
282821340 519766 320 819200
282821908 523862 320 819200
282822272 523862 320 819200
282895648 523862 320 823296
282900048 523862 320 827392
282902673 527958 320 827392
282912205 527958 320 827392
282968347 527958 320 831488
282968993 532054 320 831488
282969624 532054 320 831488
283023028 532054 320 835584
283023636 536150 320 835584
283024069 536150 320 835584
283077306 536150 320 839680
283077885 540246 320 839680
283078283 540246 320 839680
283133615 540246 320 843776
283134231 544342 320 843776
283134621 544342 320 843776
283189570 544342 320 847872
283190149 548438 320 847872
283190540 548438 320 847872
283243420 548438 320 851968
283243899 552534 320 851968
283244220 552534 320 851968
283297016 552534 320 856064
283297488 556630 320 856064
283297811 556630 320 856064
283350692 556630 320 860160
283351195 560726 320 860160
283351505 560726 320 860160
283404488 560726 320 864256
283404943 564822 320 864256
283405257 564822 320 864256
283458336 564822 320 868352
283458926 568918 320 868352
283459245 568918 320 868352
283512163 568918 320 872448
283512625 573014 320 872448
283512945 573014 320 872448
283566123 573014 320 876544
283566629 577110 320 876544
283566945 577110 320 876544
283619728 577110 320 880640
283621184 581206 320 880640
283621516 581206 320 880640
283674412 581206 320 884736
283674943 585302 320 884736
283675263 585302 320 884736
283728361 585302 320 888832
283729235 589398 320 888832
283729621 589398 320 888832
283795600 589398 320 892928
283796537 593494 320 892928
283797089 593494 320 892928
283850647 593494 320 897024
283851188 597590 320 897024
283851562 597590 320 897024
283904821 597590 320 901120
283905491 601686 320 901120
283905853 601686 320 901120
283959144 601686 320 905216
283959669 605782 320 905216
283960032 605782 320 905216
284016247 605782 320 909312
284016811 609878 320 909312
284017182 609878 320 909312
284070631 609878 320 913408
284071162 613974 320 913408
284071531 613974 320 913408
284124709 613974 320 917504
284125232 618070 320 917504
284125598 618070 320 917504
284178738 618070 320 921600
284179255 622166 320 921600
284179638 622166 320 921600
284232782 622166 320 925696
284233282 626262 320 925696
284233658 626262 320 925696
284286901 626262 320 929792
284287425 630358 320 929792
284287804 630358 320 929792
284341005 630358 320 933888
284341526 634454 320 933888
284341903 634454 320 933888
284395037 634454 320 937984
284396501 638550 320 937984
284396883 638550 320 937984
284449973 638550 320 942080
284450499 642646 320 942080
284450877 642646 320 942080
284504016 642646 320 946176
284504540 646742 320 946176
284504918 646742 320 946176
284558101 646742 320 950272
284558622 650838 320 950272
284558998 650838 320 950272
284612196 650838 320 954368
284612717 654934 320 954368
284613098 654934 320 954368
284684081 654934 320 958464
284686919 659030 320 958464
284688643 659030 320 958464
284744388 659030 320 962560
284745049 663126 320 962560
284745456 663126 320 962560
284799894 663126 320 966656
284800502 667222 320 966656
284800867 667222 320 966656
284854138 667222 320 970752
284854728 671318 320 970752
284855074 671318 320 970752
284908451 671318 320 974848
284909027 675414 320 974848
284909431 675414 320 974848
284962776 675414 320 978944
284963323 679510 320 978944
284963667 679510 320 978944
285016975 679510 320 983040
285017505 683606 320 983040
285017849 683606 320 983040
285071023 683606 320 987136
285071553 687702 320 987136
285071903 687702 320 987136
285125138 687702 320 991232
285125728 691798 320 991232
285126061 691798 320 991232
285179271 691798 320 995328
285179831 695894 320 995328
285180168 695894 320 995328
285233389 695894 320 999424
285233912 699990 320 999424
285234250 699990 320 999424
285287441 699990 320 1003520
285287957 704086 320 1003520
285288308 704086 320 1003520
285341490 704086 320 1007616
285343110 708182 320 1007616
285343446 708182 320 1007616
285396631 708182 320 1011712
285397162 712278 320 1011712
285397506 712278 320 1011712
285450602 712278 320 1015808
285451136 716374 320 1015808
285451482 716374 320 1015808
285504593 716374 320 1019904
285505128 720470 320 1019904
285505469 720470 320 1019904
285558668 720470 320 1024000
285559550 724566 320 1024000
285559901 724566 320 1024000
285613043 724566 320 1028096
285613553 728662 320 1028096
285613893 728662 320 1028096
285667007 728662 320 1032192
285667558 732758 320 1032192
285667891 732758 320 1032192
285721064 732758 320 1036288
285721576 736854 320 1036288
285721909 736854 320 1036288
285777690 736854 320 1040384
285778318 740950 320 1040384
285778672 740950 320 1040384
285832390 740950 320 1044480
285833218 745046 320 1044480
285833566 745046 320 1044480
285886777 745046 320 1048576
285887366 749142 320 1048576
285887712 749142 320 1048576
285940852 749142 320 1052672
285941386 753238 320 1052672
285941730 753238 320 1052672
285994992 753238 320 1056768
285995507 757334 320 1056768
285995841 757334 320 1056768
286049018 757334 320 1060864
286049543 761430 320 1060864
286049886 761430 320 1060864
286103097 761430 320 1064960
286104479 765526 320 1064960
286104819 765526 320 1064960
286157983 765526 320 1069056
286158514 769622 320 1069056
286158853 769622 320 1069056
286211960 769622 320 1073152
286212487 773718 320 1073152
286212832 773718 320 1073152
286265966 773718 320 1077248
286266495 777814 320 1077248
286266845 777814 320 1077248
286320028 777814 320 1081344
286320555 781910 320 1081344
286320899 781910 320 1081344
286374112 781910 320 1085440
286374633 786006 320 1085440
286374987 786006 320 1085440
286428209 786006 320 1089536
286428723 790102 320 1089536
286429066 790102 320 1089536
286482202 790102 320 1093632
286482722 794198 320 1093632
286483068 794198 320 1093632
286536290 794198 320 1097728
286536812 798294 320 1097728
286537158 798294 320 1097728
286590298 798294 320 1101824
286590820 802390 320 1101824
286591162 802390 320 1101824
286644288 802390 320 1105920
286644817 806486 320 1105920
286645154 806486 320 1105920
286698292 806486 320 1110016
286698819 810582 320 1110016
286699170 810582 320 1110016
286752299 810582 320 1114112
286752832 814678 320 1114112
286753170 814678 320 1114112
286806627 814678 320 1118208
286807174 818774 320 1118208
286807519 818774 320 1118208
286860780 818774 320 1122304
286862066 822870 320 1122304
286862404 822870 320 1122304
286915606 822870 320 1126400
286916132 826966 320 1126400
286916474 826966 320 1126400
286969621 826966 320 1130496
286970153 831062 320 1130496
286970499 831062 320 1130496
287023638 831062 320 1134592
287024165 835158 320 1134592
287024505 835158 320 1134592
287077800 835158 320 1138688
287078334 839254 320 1138688
287078674 839254 320 1138688
287131894 839254 320 1142784
287132431 843350 320 1142784
287132768 843350 320 1142784
287185968 843350 320 1146880
287186503 847446 320 1146880
287186846 847446 320 1146880
287239990 847446 320 1150976
287240519 851542 320 1150976
287240859 851542 320 1150976
287294050 851542 320 1155072
287294677 855638 320 1155072
287295021 855638 320 1155072
287348165 855638 320 1159168
287348693 859734 320 1159168
287349052 859734 320 1159168
287402233 859734 320 1163264
287402778 863830 320 1163264
287403120 863830 320 1163264
287456267 863830 320 1167360
287456809 867926 320 1167360
287457150 867926 320 1167360
287510316 867926 320 1171456
287510851 872022 320 1171456
287511194 872022 320 1171456
287565065 872022 320 1175552
287565596 876118 320 1175552
287565936 876118 320 1175552
287619114 876118 320 1179648
287620391 880214 320 1179648
287620743 880214 320 1179648
287673876 880214 320 1183744
287674404 884310 320 1183744
287674751 884310 320 1183744
287727943 884310 320 1187840
287728465 888406 320 1187840
287728807 888406 320 1187840
287785196 888406 320 1191936
287785897 892502 320 1191936
287786305 892502 320 1191936
287839510 892502 320 1196032
287840058 896598 320 1196032
287840398 896598 320 1196032
287893571 896598 320 1200128
287894098 900694 320 1200128
287894438 900694 320 1200128
287947580 900694 320 1204224
287948100 904790 320 1204224
287948440 904790 320 1204224
288001650 904790 320 1208320
288002172 908886 320 1208320
288002511 908886 320 1208320
288055610 908886 320 1212416
288056130 912982 320 1212416
288056471 912982 320 1212416
288109599 912982 320 1216512
288110126 917078 320 1216512
288110469 917078 320 1216512
288165034 917078 320 1220608
288165578 921174 320 1220608
288165915 921174 320 1220608
288219114 921174 320 1224704
288219642 925270 320 1224704
288219982 925270 320 1224704
288273114 925270 320 1228800
288273793 929366 320 1228800
288274130 929366 320 1228800
288327247 929366 320 1232896
288327775 933462 320 1232896
288328119 933462 320 1232896
288381246 933462 320 1236992
288382540 937558 320 1236992
288382884 937558 320 1236992
288436014 937558 320 1241088
288436542 941654 320 1241088
288436893 941654 320 1241088
288490035 941654 320 1245184
288490960 945750 320 1245184
288500772 945750 320 1249280
288504940 945750 320 1249280
288558570 945750 320 1253376
288559145 949846 320 1253376
288559517 949846 320 1253376
288612774 949846 320 1257472
288613285 953942 320 1257472
288613618 953942 320 1257472
288666766 953942 320 1261568
288667282 958038 320 1261568
288667624 958038 320 1261568
288720853 958038 320 1265664
288721397 962134 320 1265664
288721738 962134 320 1265664
288774874 962134 320 1269760
288775400 966230 320 1269760
288775744 966230 320 1269760
288829390 966230 320 1273856
288829943 970326 320 1273856
288830288 970326 320 1273856
288883671 970326 320 1277952
288884190 974422 320 1277952
288884535 974422 320 1277952
288937627 974422 320 1282048
288938139 978518 320 1282048
288938479 978518 320 1282048
288991615 978518 320 1286144
288992271 982614 320 1286144
288992623 982614 320 1286144
289045860 982614 320 1290240
289046361 986710 320 1290240
289046701 986710 320 1290240
289099898 986710 320 1294336
289100410 990806 320 1294336
289100772 990806 320 1294336
289153839 990806 320 1298432
289155234 994902 320 1298432
289155589 994902 320 1298432
289208717 994902 320 1302528
289209225 998998 320 1302528
289209570 998998 320 1302528
289262823 998998 320 1306624
289263341 1003094 320 1306624
289263684 1003094 320 1306624
289316849 1003094 320 1310720
289317359 1007190 320 1310720
289317704 1007190 320 1310720
289371831 1007190 320 1314816
289372416 1011286 320 1314816
289372759 1011286 320 1314816
289427313 1011286 320 1318912
289427844 1015382 320 1318912
289428202 1015382 320 1318912
289481343 1015382 320 1323008
289481868 1019478 320 1323008
289482207 1019478 320 1323008
289535262 1019478 320 1327104
289535792 1023574 320 1327104
289536145 1023574 320 1327104
289589287 1023574 320 1331200
289589814 1027670 320 1331200
289590158 1027670 320 1331200
289643233 1027670 320 1335296
289643754 1031766 320 1335296
289644097 1031766 320 1335296
289697195 1031766 320 1339392
289697723 1035862 320 1339392
289698066 1035862 320 1339392
289751281 1035862 320 1343488
289753280 1039958 320 1343488
289753648 1039958 320 1343488
289807095 1039958 320 1347584
289807665 1044054 320 1347584
289808010 1044054 320 1347584
289861083 1044054 320 1351680
289861619 1048150 320 1351680
289861965 1048150 320 1351680
289915096 1048150 320 1355776
289916352 1052246 320 1355776
289916694 1052246 320 1355776
289970790 1048150 320 1355776
289971535 1048150 320 1355776
290024041 1044054 320 1355776
290024448 1044054 320 1355776
290076903 1039958 320 1355776
290077325 1039958 320 1355776
290129752 1035862 320 1355776
290130087 1035862 320 1355776
290182587 1031766 320 1355776
290182974 1031766 320 1355776
290235412 1027670 320 1355776
290235749 1027670 320 1355776
290288200 1023574 320 1355776
290288539 1023574 320 1355776
290341012 1019478 320 1355776
290341349 1019478 320 1355776
290393819 1015382 320 1355776
290394242 1015382 320 1355776
290446668 1011286 320 1355776
290447048 1011286 320 1355776
290499496 1007190 320 1355776
290499883 1007190 320 1355776
290552336 1003094 320 1355776
290552695 1003094 320 1355776
290605123 998998 320 1355776
290605494 998998 320 1355776
290657949 994902 320 1355776
290658357 994902 320 1355776
290710805 990806 320 1355776
290711196 990806 320 1355776
290763647 986710 320 1355776
290764052 986710 320 1355776
290816841 982614 320 1355776
290817210 982614 320 1355776
290869633 978518 320 1355776
290870004 978518 320 1355776
290922432 974422 320 1355776
290922794 974422 320 1355776
290975227 970326 320 1355776
290975607 970326 320 1355776
291028032 966230 320 1355776
291028441 966230 320 1355776
291080865 962134 320 1355776
291081255 962134 320 1355776
291133708 958038 320 1355776
291134097 958038 320 1355776
291186527 953942 320 1355776
291186937 953942 320 1355776
291239399 949846 320 1355776
291239774 949846 320 1355776
291292196 945750 320 1355776
291292607 945750 320 1355776
291345033 941654 320 1355776
291345417 941654 320 1355776
291397843 937558 320 1355776
291398194 937558 320 1355776
291450649 933462 320 1355776
291451022 933462 320 1355776
291503473 929366 320 1355776
291503890 929366 320 1355776
291556327 925270 320 1355776
291556678 925270 320 1355776
291609111 921174 320 1355776
291609543 921174 320 1355776
291661968 917078 320 1355776
291662349 917078 320 1355776
291714772 912982 320 1355776
291715143 912982 320 1355776
291767618 908886 320 1355776
291767996 908886 320 1355776
291820528 904790 320 1355776
291820909 904790 320 1355776
291873332 900694 320 1355776
291873746 900694 320 1355776
291926174 896598 320 1355776
291926522 896598 320 1355776
291978955 892502 320 1355776
291979367 892502 320 1355776
292031814 888406 320 1355776
292032223 888406 320 1355776
292084654 884310 320 1355776
292085062 884310 320 1355776
292137494 880214 320 1355776
292137882 880214 320 1355776
292190303 876118 320 1355776
292190654 876118 320 1355776
292243106 872022 320 1355776
292243480 872022 320 1355776
292295938 867926 320 1355776
292296352 867926 320 1355776
292348815 863830 320 1355776
292349159 863830 320 1355776
292401585 859734 320 1355776
292401982 859734 320 1355776
292454407 855638 320 1355776
292454747 855638 320 1355776
292507213 851542 320 1355776
292507610 851542 320 1355776
292560058 847446 320 1355776
292560442 847446 320 1355776
292612875 843350 320 1355776
292613305 843350 320 1355776
292669571 839254 320 1355776
292670012 839254 320 1355776
292722616 835158 320 1355776
292722951 835158 320 1355776
292775385 831062 320 1355776
292775733 831062 320 1355776
292828504 826966 320 1355776
292828840 826966 320 1355776
292881205 822870 320 1355776
292881540 822870 320 1355776
292933887 818774 320 1355776
292934263 818774 320 1355776
292986589 814678 320 1355776
292986975 814678 320 1355776
293039313 810582 320 1355776
293039650 810582 320 1355776
293091963 806486 320 1355776
293092304 806486 320 1355776
293146383 802390 320 1355776
293146772 802390 320 1355776
293199445 798294 320 1355776
293199787 798294 320 1355776
293252258 794198 320 1355776
293252592 794198 320 1355776
293305061 790102 320 1355776
293305451 790102 320 1355776
293357913 786006 320 1355776
293358260 786006 320 1355776
293410731 781910 320 1355776
293411110 781910 320 1355776
293463559 777814 320 1355776
293463899 777814 320 1355776
293516368 773718 320 1355776
293516744 773718 320 1355776
293569237 769622 320 1355776
293569599 769622 320 1355776
293622044 765526 320 1355776
293622423 765526 320 1355776
293674930 761430 320 1355776
293675337 761430 320 1355776
293727810 757334 320 1355776
293728212 757334 320 1355776
293780668 753238 320 1355776
293781040 753238 320 1355776
293792442 749142 320 1355776
293792915 749142 320 1355776
293845548 745046 320 1355776
293845888 745046 320 1355776
293898353 740950 320 1355776
293898730 740950 320 1355776
293951213 736854 320 1355776
293951591 736854 320 1355776
294004085 732758 320 1355776
294004447 732758 320 1355776
294056905 728662 320 1355776
294057274 728662 320 1355776
294109735 724566 320 1355776
294110157 724566 320 1355776
294162605 720470 320 1355776
294162967 720470 320 1355776
294215423 716374 320 1355776
294215788 716374 320 1355776
294268236 712278 320 1355776
294268647 712278 320 1355776
294321105 708182 320 1355776
294321484 708182 320 1355776
294373965 704086 320 1355776
294374362 704086 320 1355776
294426807 699990 320 1355776
294427147 699990 320 1355776
294479596 695894 320 1355776
294479974 695894 320 1355776
294532467 691798 320 1355776
294532870 691798 320 1355776
294585373 687702 320 1355776
294585736 687702 320 1355776
294638199 683606 320 1355776
294638549 683606 320 1355776
294691041 679510 320 1355776
294691403 679510 320 1355776
294743884 675414 320 1355776
294744288 675414 320 1355776
294797101 671318 320 1355776
294797488 671318 320 1355776
294849972 667222 320 1355776
294850360 667222 320 1355776
294902812 663126 320 1355776
294903154 663126 320 1355776
294955581 659030 320 1355776
294955961 659030 320 1355776
295008097 654934 320 1355776
295008401 654934 320 1355776
295060434 650838 320 1355776
295060727 650838 320 1355776
295112777 646742 320 1355776
295113051 646742 320 1355776
295165074 642646 320 1355776
295165351 642646 320 1355776
295217377 638550 320 1355776
295217656 638550 320 1355776
295269685 634454 320 1355776
295269967 634454 320 1355776
295322006 630358 320 1355776
295322303 630358 320 1355776
295374325 626262 320 1355776
295374672 626262 320 1355776
295426702 622166 320 1355776
295426981 622166 320 1355776
295479031 618070 320 1355776
295479323 618070 320 1355776
295531346 613974 320 1355776
295531678 613974 320 1355776
295583721 609878 320 1355776
295584055 609878 320 1355776
295636086 605782 320 1355776
295636368 605782 320 1355776
295688405 601686 320 1355776
295688682 601686 320 1355776
295740736 597590 320 1355776
295741012 597590 320 1355776
295793287 593494 320 1355776
295793585 593494 320 1355776
295845635 589398 320 1355776
295845906 589398 320 1355776
295898154 585302 320 1355776
295898525 585302 320 1355776
295950792 581206 320 1355776
295951097 581206 320 1355776
296003404 577110 320 1355776
296003855 577110 320 1355776
296056266 573014 320 1355776
296056898 573014 320 1355776
296109114 568918 320 1355776
296109409 568918 320 1355776
296161838 564822 320 1355776
296162249 564822 320 1355776
296214292 560726 320 1355776
296214625 560726 320 1355776
296266675 556630 320 1355776
296266971 556630 320 1355776
296319012 552534 320 1355776
296319288 552534 320 1355776
296371316 548438 320 1355776
296371593 548438 320 1355776
296423640 544342 320 1355776
296423970 544342 320 1355776
296475995 540246 320 1355776
296476327 540246 320 1355776
296528378 536150 320 1355776
296528653 536150 320 1355776
296580685 532054 320 1355776
296580961 532054 320 1355776
296632992 527958 320 1355776
296633322 527958 320 1355776
296685381 523862 320 1355776
296685702 523862 320 1355776
296737732 519766 320 1355776
296738007 519766 320 1355776
296790215 515670 320 1355776
296790508 515670 320 1355776
296842555 511574 320 1355776
296842830 511574 320 1355776
296894911 507478 320 1355776
296898666 507478 320 1355776
296950852 503382 320 1355776
296951166 503382 320 1355776
297003184 499286 320 1355776
297003469 499286 320 1355776
297055416 495190 320 1355776
297055684 495190 320 1355776
297107631 491094 320 1355776
297107900 491094 320 1355776
297159879 486998 320 1355776
297160145 486998 320 1355776
297212090 482902 320 1355776
297212410 482902 320 1355776
297267237 478806 320 1355776
297267590 478806 320 1355776
297319704 474710 320 1355776
297320100 474710 320 1355776
297372114 470614 320 1355776
297372429 470614 320 1355776
297425623 466518 320 1355776
297425983 466518 320 1355776
297486142 462422 320 1355776
297486535 462422 320 1355776
297538620 458326 320 1355776
297538887 458326 320 1355776
297590956 454230 320 1355776
297591261 454230 320 1355776
297643339 450134 320 1355776
297643606 450134 320 1355776
297695657 446038 320 1355776
297695921 446038 320 1355776
297748160 441942 320 1355776
297748536 441942 320 1355776
297801096 437846 320 1355776
297801461 437846 320 1355776
297853933 433750 320 1355776
297854260 433750 320 1355776
297906504 429654 320 1355776
297906847 429654 320 1355776
297965520 425558 320 1355776
297965839 425558 320 1355776
298027853 421462 320 1355776
298028148 421462 320 1355776
298080906 417366 320 1355776
298081329 417366 320 1355776
298134045 413270 320 1355776
298134479 413270 320 1355776
298187016 409174 320 1355776
298187403 409174 320 1355776
298240212 405078 320 1355776
298240548 405078 320 1355776
298293130 400982 320 1355776
298293458 400982 320 1355776
298346356 396886 320 1355776
298346738 396886 320 1355776
298399808 392790 320 1355776
298400195 392790 320 1355776
298452752 388694 320 1355776
298453082 388694 320 1355776
298505724 384598 320 1355776
298506053 384598 320 1355776
298558632 380502 320 1355776
298559085 380502 320 1355776
298611671 376406 320 1355776
298612038 376406 320 1355776
298664571 372310 320 1355776
298664902 372310 320 1355776
298717461 368214 320 1355776
298717833 368214 320 1355776
298770396 364118 320 1355776
298770766 364118 320 1355776
298823896 360022 320 1355776
298824235 360022 320 1355776
298876775 355926 320 1355776
298877110 355926 320 1355776
298929639 351830 320 1355776
298929968 351830 320 1355776
298983722 347734 320 1355776
298984089 347734 320 1355776
299036651 343638 320 1355776
299036986 343638 320 1355776
299089530 339542 320 1355776
299089862 339542 320 1355776
299142385 335446 320 1355776
299142716 335446 320 1355776
299195257 331350 320 1355776
299195623 331350 320 1355776
299248161 327254 320 1355776
299248494 327254 320 1355776
299301054 323158 320 1355776
299301423 323158 320 1355776
299353954 319062 320 1355776
299354320 319062 320 1355776
299406881 314966 320 1355776
299407217 314966 320 1355776
299459761 310870 320 1355776
299460092 310870 320 1355776
299512631 306774 320 1355776
299512996 306774 320 1355776
299565533 302678 320 1355776
299565905 302678 320 1355776
299618448 298582 320 1355776
299618782 298582 320 1355776
299671328 294486 320 1355776
299671707 294486 320 1355776
299724241 290390 320 1355776
299724607 290390 320 1355776
299777153 286294 320 1355776
299777484 286294 320 1355776
299830310 282198 320 1355776
299830692 282198 320 1355776
299883249 278102 320 1355776
299883617 278102 320 1355776
299936145 274006 320 1355776
299936478 274006 320 1355776
299989009 269910 320 1355776
299989379 269910 320 1355776
300041904 265814 320 1355776
300042235 265814 320 1355776
300094804 261718 320 1355776
300095139 261718 320 1355776
300147699 257622 320 1355776
300148030 257622 320 1355776
300200564 253526 320 1355776
300200897 253526 320 1355776
300253426 249430 320 1355776
300253755 249430 320 1355776
300306282 245334 320 1355776
300306655 245334 320 1355776
300359188 241238 320 1355776
300359521 241238 320 1355776
300412094 237142 320 1355776
300412426 237142 320 1355776
300464971 233046 320 1355776
300465361 233046 320 1355776
300517920 228950 320 1355776
300518321 228950 320 1355776
300570852 224854 320 1355776
300571181 224854 320 1355776
300623716 220758 320 1355776
300624049 220758 320 1355776
300676581 216662 320 1355776
300676912 216662 320 1355776
300729448 212566 320 1355776
300729781 212566 320 1355776
300782403 208470 320 1355776
300785235 208470 320 1355776
300837869 204374 320 1355776
300838211 204374 320 1355776
300890784 200278 320 1355776
300891119 200278 320 1355776
300943659 196182 320 1355776
300943988 196182 320 1355776
300996569 192086 320 1355776
300996899 192086 320 1355776
301049462 187990 320 1355776
301049789 187990 320 1355776
301102319 183894 320 1355776
301102684 183894 320 1355776
301155252 179798 320 1355776
301155621 179798 320 1355776
301208262 175702 320 1355776
301208727 175702 320 1355776
301265199 171606 320 1355776
301265654 171606 320 1355776
301318298 167510 320 1355776
301318635 167510 320 1355776
301371179 163414 320 1355776
301371546 163414 320 1355776
301424110 159318 320 1355776
301424446 159318 320 1355776
301477016 155222 320 1355776
301477385 155222 320 1355776
301529920 151126 320 1355776
301530250 151126 320 1355776
301582828 147030 320 1355776
301583201 147030 320 1355776
301635750 142934 320 1355776
301636270 142934 320 1355776
301688806 138838 320 1355776
301689141 138838 320 1355776
301741670 134742 320 1355776
301742005 134742 320 1355776
301794983 130646 320 1355776
301795317 130646 320 1355776
301847853 126550 320 1355776
301848186 126550 320 1355776
301900714 122454 320 1355776
301901050 122454 320 1355776
301953591 118358 320 1355776
301953960 118358 320 1355776
302006497 114262 320 1355776
302006867 114262 320 1355776
302059432 110166 320 1355776
302059762 110166 320 1355776
302112310 106070 320 1355776
302112644 106070 320 1355776
302165180 101974 320 1355776
302165547 101974 320 1355776
302218079 97878 320 1355776
302218445 97878 320 1355776
302271008 93782 320 1355776
302271338 93782 320 1355776
302323904 89686 320 1355776
302324273 89686 320 1355776
302376801 85590 320 1355776
302377134 85590 320 1355776
302429665 81494 320 1355776
302429999 81494 320 1355776
302482532 77398 320 1355776
302482862 77398 320 1355776
302535394 73302 320 1355776
302535762 73302 320 1355776
302588319 69206 320 1355776
302588689 69206 320 1355776
302641242 65110 320 1355776
302641578 65110 320 1355776
302694110 61014 320 1355776
302694441 61014 320 1355776
302746976 56918 320 1355776
302747343 56918 320 1355776
302800148 52822 320 1355776
302800484 52822 320 1355776
302853024 48726 320 1355776
302853396 48726 320 1355776
302905934 44630 320 1355776
302906264 44630 320 1355776
302958801 40534 320 1355776
302959135 40534 320 1355776
303011678 36438 320 1355776
303012012 36438 320 1355776
303064556 32342 320 1355776
303064888 32342 320 1355776
303117415 28246 320 1355776
303117781 28246 320 1355776
303170348 24150 320 1355776
303170681 24150 320 1355776
303223220 20054 320 1355776
303223585 20054 320 1355776
303276125 15958 320 1355776
303276503 15958 320 1355776
303329065 11862 320 1355776
303329399 11862 320 1355776
303381961 7766 320 1355776
303382292 7766 320 1355776
303434818 3670 320 1355776
303440728 3670 320 1359872
303454059 3670 320 1355776
303454373 3670 320 1351680
303454661 3670 320 1347584
303454821 3670 320 1343488
303455004 3670 320 1339392
303455156 3670 320 1335296
303455304 3670 320 1331200
303455456 3670 320 1327104
303466354 3670 320 1323008
303466561 3670 320 1318912
303466723 3670 320 1314816
303466879 3670 320 1310720
303467035 3670 320 1306624
303467190 3670 320 1302528
303467341 3670 320 1298432
303467497 3670 320 1294336
303467649 3670 320 1290240
303467791 3670 320 1286144
303467937 3670 320 1282048
303468078 3670 320 1277952
303468221 3670 320 1273856
303468418 3670 320 1269760
303468563 3670 320 1265664
303468712 3670 320 1261568
303468857 3670 320 1257472
303469025 3670 320 1253376
303469167 3670 320 1249280
303469312 3670 320 1245184
303469455 3670 320 1241088
303469600 3670 320 1236992
303469743 3670 320 1232896
303469890 3670 320 1228800
303470034 3670 320 1224704
303470179 3670 320 1220608
303470320 3670 320 1216512
303470464 3670 320 1212416
303470606 3670 320 1208320
303470753 3670 320 1204224
303470898 3670 320 1200128
303471043 3670 320 1196032
303471187 3670 320 1191936
303471331 3670 320 1187840
303471476 3670 320 1183744
303471671 3670 320 1179648
303471816 3670 320 1175552
303471961 3670 320 1171456
303472103 3670 320 1167360
303472248 3670 320 1163264
303472389 3670 320 1159168
303472564 3670 320 1155072
303472759 3670 320 1150976
303472904 3670 320 1146880
303473050 3670 320 1142784
303473222 3670 320 1138688
303473393 3670 320 1134592
303473548 3670 320 1130496
303473700 3670 320 1126400
303473852 3670 320 1122304
303474001 3670 320 1118208
303474216 3670 320 1114112
303474387 3670 320 1110016
303474536 3670 320 1105920
303474687 3670 320 1101824
303474831 3670 320 1097728
303474977 3670 320 1093632
303475121 3670 320 1089536
303475266 3670 320 1085440
303475412 3670 320 1081344
303475554 3670 320 1077248
303475698 3670 320 1073152
303475840 3670 320 1069056
303475984 3670 320 1064960
303476129 3670 320 1060864
303476274 3670 320 1056768
303476417 3670 320 1052672
303476560 3670 320 1048576
303476703 3670 320 1044480
303476847 3670 320 1040384
303477133 3670 320 1036288
303477289 3670 320 1032192
303477437 3670 320 1028096
303477581 3670 320 1024000
303477726 3670 320 1019904
303477867 3670 320 1015808
303478012 3670 320 1011712
303478154 3670 320 1007616
303478298 3670 320 1003520
303478447 3670 320 999424
303478590 3670 320 995328
303478739 3670 320 991232
303478930 3670 320 987136
303479074 3670 320 983040
303479219 3670 320 978944
303479364 3670 320 974848
303479509 3670 320 970752
303479653 3670 320 966656
303479801 3670 320 962560
303479946 3670 320 958464
303480088 3670 320 954368
303480232 3670 320 950272
303480379 3670 320 946176
303480522 3670 320 942080
303480666 3670 320 937984
303480811 3670 320 933888
303480955 3670 320 929792
303481098 3670 320 925696
303481241 3670 320 921600
303481385 3670 320 917504
303481532 3670 320 913408
303481677 3670 320 909312
303481819 3670 320 905216
303485123 3670 320 901120
303485284 3670 320 897024
303485439 3670 320 892928
303485589 3670 320 888832
303485733 3670 320 884736
303485882 3670 320 880640
303486025 3670 320 876544
303486195 3670 320 872448
303486340 3670 320 868352
303486485 3670 320 864256
303486632 3670 320 860160
303486778 3670 320 856064
303486922 3670 320 851968
303487066 3670 320 847872
303487503 3670 320 843776
303487648 3670 320 839680
303487791 3670 320 835584
303487934 3670 320 831488
303488079 3670 320 827392
303488223 3670 320 823296
303488364 3670 320 819200
303488506 3670 320 815104
303488650 3670 320 811008
303488795 3670 320 806912
303488943 3670 320 802816
303489088 3670 320 798720
303489283 3670 320 794624
303489428 3670 320 790528
303489578 3670 320 786432
303489719 3670 320 782336
303489864 3670 320 778240
303492477 3670 320 774144
303492637 3670 320 770048
303492814 3670 320 765952
303492973 3670 320 761856
303493126 3670 320 757760
303493274 3670 320 753664
303493418 3670 320 749568
303493562 3670 320 745472
303493704 3670 320 741376
303493849 3670 320 737280
303493990 3670 320 733184
303494133 3670 320 729088
303494278 3670 320 724992
303494422 3670 320 720896
303494568 3670 320 716800
303494712 3670 320 712704
303494860 3670 320 708608
303495004 3670 320 704512
303495145 3670 320 700416
303495287 3670 320 696320
303495430 3670 320 692224
303495573 3670 320 688128
303495813 3670 320 684032
303495956 3670 320 679936
303496128 3670 320 675840
303496274 3670 320 671744
303496417 3670 320 667648
303496560 3670 320 663552
303496706 3670 320 659456
303496849 3670 320 655360
303496992 3670 320 651264
303499335 3670 320 647168
303499500 3670 320 643072
303499681 3670 320 638976
303499840 3670 320 634880
303499993 3670 320 630784
303500140 3670 320 626688
303500283 3670 320 622592
303500427 3670 320 618496
303500571 3670 320 614400
303500715 3670 320 610304
303500859 3670 320 606208
303501000 3670 320 602112
303501146 3670 320 598016
303501288 3670 320 593920
303501436 3670 320 589824
303501580 3670 320 585728
303501727 3670 320 581632
303501870 3670 320 577536
303502013 3670 320 573440
303502155 3670 320 569344
303502300 3670 320 565248
303502466 3670 320 561152
303502611 3670 320 557056
303502754 3670 320 552960
303502896 3670 320 548864
303503046 3670 320 544768
303503189 3670 320 540672
303503332 3670 320 536576
303503474 3670 320 532480
303503618 3670 320 528384
303503763 3670 320 524288
303505476 3670 320 520192
303505638 3670 320 516096
303505823 3670 320 512000
303505983 3670 320 507904
303506131 3670 320 503808
303506279 3670 320 499712
303506434 3670 320 495616
303506585 3670 320 491520
303506735 3670 320 487424
303506886 3670 320 483328
303507035 3670 320 479232
303507284 3670 320 475136
303509326 3670 320 475136
303562645 3670 352 475136
303563293 7766 352 475136
303563606 7766 320 475136
303616243 11862 320 475136
303616551 11862 320 475136
303669213 15958 320 475136
303669522 15958 320 475136
303722169 20054 320 475136
303722475 20054 320 475136
303775081 24150 320 475136
303775395 24150 320 475136
303828367 28246 320 475136
303828672 28246 320 475136
303881271 32342 320 475136
303881580 32342 320 475136
303934179 36438 320 475136
303934500 36438 320 475136
303987112 40534 320 475136
303987420 40534 320 475136
304040021 44630 320 475136
304040328 44630 320 475136
304092925 48726 320 475136
304093232 48726 320 475136
304145856 52822 320 475136
304146161 52822 320 475136
304198775 56918 320 475136
304199083 56918 320 475136
304251725 61014 320 475136
304252034 61014 320 475136
304304633 65110 320 475136
304304938 65110 320 475136
304357527 69206 320 475136
304357836 69206 320 475136
304410477 73302 320 475136
304410784 73302 320 475136
304463402 77398 320 475136
304463710 77398 320 475136
304516309 81494 320 475136
304516617 81494 320 475136
304569206 85590 320 475136
304569515 85590 320 475136
304622117 89686 320 475136
304622424 89686 320 475136
304675023 93782 320 475136
304675333 93782 320 475136
304727966 97878 320 475136
304728281 97878 320 475136
304780869 101974 320 475136
304781183 101974 320 475136
304790767 106070 320 475136
304791113 106070 320 475136
304843836 110166 320 475136
304844148 110166 320 475136
304896765 114262 320 475136
304897074 114262 320 475136
304949679 118358 320 475136
304949990 118358 320 475136
305002601 122454 320 475136
305002909 122454 320 475136
305055520 126550 320 475136
305055824 126550 320 475136
305108440 130646 320 475136
305108747 130646 320 475136
305161379 134742 320 475136
305161690 134742 320 475136
305216643 134742 320 479232
305217478 138838 320 479232
305217895 138838 320 479232
305271141 138838 320 483328
305271907 142934 320 483328
305276444 142934 320 483328
305329818 142934 320 487424
305330374 147030 320 487424
305330738 147030 320 487424
305383937 147030 320 491520
305384460 151126 320 491520
305384806 151126 320 491520
305438012 151126 320 495616
305438547 155222 320 495616
305438892 155222 320 495616
305492121 155222 320 499712
305492642 159318 320 499712
305492979 159318 320 499712
305546169 159318 320 503808
305546696 163414 320 503808
305547035 163414 320 503808
305600204 163414 320 507904
305600727 167510 320 507904
305601068 167510 320 507904
305654276 167510 320 512000
305654793 171606 320 512000
305655132 171606 320 512000
305708313 171606 320 516096
305708833 175702 320 516096
305709171 175702 320 516096
305762366 175702 320 520192
305762894 179798 320 520192
305763250 179798 320 520192
305816866 179798 320 524288
305817396 183894 320 524288
305817729 183894 320 524288
305870954 183894 320 528384
305871481 187990 320 528384
305871818 187990 320 528384
305925003 187990 320 532480
305926541 192086 320 532480
305926881 192086 320 532480
305980094 192086 320 536576
305980853 196182 320 536576
305981186 196182 320 536576
306034373 196182 320 540672
306034896 200278 320 540672
306035229 200278 320 540672
306088422 200278 320 544768
306088952 204374 320 544768
306089285 204374 320 544768
306142447 204374 320 548864
306142968 208470 320 548864
306143300 208470 320 548864
306196481 208470 320 552960
306197016 212566 320 552960
306197350 212566 320 552960
306250532 212566 320 557056
306251062 216662 320 557056
306251399 216662 320 557056
306304658 216662 320 561152
306305184 220758 320 561152
306305518 220758 320 561152
306358710 220758 320 565248
306359245 224854 320 565248
306359577 224854 320 565248
306412810 224854 320 569344
306413335 228950 320 569344
306413668 228950 320 569344
306466827 228950 320 573440
306467348 233046 320 573440
306467681 233046 320 573440
306520852 233046 320 577536
306521369 237142 320 577536
306521699 237142 320 577536
306574870 237142 320 581632
306575416 241238 320 581632
306575761 241238 320 581632
306628984 241238 320 585728
306629511 245334 320 585728
306629849 245334 320 585728
306683049 245334 320 589824
306684656 249430 320 589824
306684994 249430 320 589824
306738324 249430 320 593920
306738883 253526 320 593920
306739220 253526 320 593920
306792645 253526 320 598016
306793203 257622 320 598016
306793538 257622 320 598016
306846720 257622 320 602112
306847249 261718 320 602112
306847586 261718 320 602112
306900873 261718 320 606208
306901405 265814 320 606208
306901741 265814 320 606208
306954975 265814 320 610304
306955509 269910 320 610304
306955842 269910 320 610304
307009920 269910 320 614400
307010470 274006 320 614400
307010812 274006 320 614400
307064003 274006 320 618496
307064527 278102 320 618496
307064867 278102 320 618496
307118055 278102 320 622592
307118573 282198 320 622592
307118920 282198 320 622592
307172109 282198 320 626688
307172633 286294 320 626688
307172968 286294 320 626688
307226143 286294 320 630784
307226664 290390 320 630784
307227001 290390 320 630784
307280184 290390 320 634880
307280704 294486 320 634880
307281042 294486 320 634880
307334211 294486 320 638976
307334729 298582 320 638976
307335069 298582 320 638976
307388319 298582 320 643072
307388842 302678 320 643072
307389182 302678 320 643072
307442353 302678 320 647168
307443764 306774 320 647168
307444099 306774 320 647168
307497322 306774 320 651264
307497864 310870 320 651264
307498200 310870 320 651264
307551396 310870 320 655360
307551921 314966 320 655360
307552257 314966 320 655360
307605431 314966 320 659456
307605952 319062 320 659456
307606285 319062 320 659456
307659510 319062 320 663552
307660039 323158 320 663552
307660377 323158 320 663552
307713603 323158 320 667648
307714241 327254 320 667648
307714576 327254 320 667648
307767777 327254 320 671744
307768298 331350 320 671744
307768634 331350 320 671744
307822112 331350 320 675840
307822636 335446 320 675840
307822990 335446 320 675840
307876242 335446 320 679936
307876779 339542 320 679936
307877112 339542 320 679936
307930304 339542 320 684032
307930851 343638 320 684032
307931184 343638 320 684032
307984433 343638 320 688128
307984968 347734 320 688128
307985312 347734 320 688128
308038638 347734 320 692224
308039179 351830 320 692224
308039515 351830 320 692224
308092732 351830 320 696320
308093253 355926 320 696320
308093585 355926 320 696320
308146782 355926 320 700416
308147306 360022 320 700416
308147642 360022 320 700416
308200824 360022 320 704512
308202191 364118 320 704512
308202527 364118 320 704512
308255701 364118 320 708608
308256232 368214 320 708608
308256566 368214 320 708608
308309760 368214 320 712704
308310290 372310 320 712704
308310622 372310 320 712704
308363779 372310 320 716800
308364297 376406 320 716800
308364637 376406 320 716800
308417812 376406 320 720896
308418333 380502 320 720896
308418669 380502 320 720896
308471838 380502 320 724992
308472356 384598 320 724992
308472688 384598 320 724992
308525853 384598 320 729088
308526372 388694 320 729088
308526702 388694 320 729088
308579927 388694 320 733184
308580444 392790 320 733184
308580776 392790 320 733184
308633986 392790 320 737280
308634508 396886 320 737280
308634845 396886 320 737280
308688136 396886 320 741376
308688673 400982 320 741376
308689008 400982 320 741376
308742286 400982 320 745472
308742819 405078 320 745472
308743154 405078 320 745472
308797358 405078 320 749568
308797912 409174 320 749568
308798252 409174 320 749568
308851593 409174 320 753664
308852129 413270 320 753664
308852460 413270 320 753664
308905686 413270 320 757760
308906215 417366 320 757760
308906555 417366 320 757760
308959736 417366 320 761856
308961163 421462 320 761856
308961500 421462 320 761856
309014718 421462 320 765952
309015275 425558 320 765952
309015610 425558 320 765952
309068823 425558 320 770048
309069429 429654 320 770048
309072715 429654 320 770048
309126014 429654 320 774144
309126576 433750 320 774144
309126943 433750 320 774144
309180158 433750 320 778240
309180687 437846 320 778240
309181023 437846 320 778240
309234224 437846 320 782336
309234739 441942 320 782336
309235078 441942 320 782336
309288261 441942 320 786432
309288791 446038 320 786432
309289130 446038 320 786432
309342300 446038 320 790528
309342877 450134 320 790528
309343217 450134 320 790528
309396406 450134 320 794624
309396933 454230 320 794624
309397275 454230 320 794624
309450471 454230 320 798720
309451153 458326 320 798720
309451493 458326 320 798720
309504704 458326 320 802816
309505232 462422 320 802816
309505575 462422 320 802816
309558772 462422 320 806912
309559294 466518 320 806912
309559636 466518 320 806912
309612798 466518 320 811008
309613313 470614 320 811008
309613658 470614 320 811008
309666878 470614 320 815104
309667393 474710 320 815104
309667736 474710 320 815104
309720900 474710 320 819200
309722292 478806 320 819200
309722678 478806 320 819200
309775864 478806 320 823296
309776398 482902 320 823296
309776750 482902 320 823296
309831415 482902 320 827392
309831955 486998 320 827392
309832288 486998 320 827392
309885481 486998 320 831488
309886017 491094 320 831488
309886363 491094 320 831488
309939546 491094 320 835584
309940080 495190 320 835584
309940417 495190 320 835584
309993681 495190 320 839680
309994209 499286 320 839680
309994543 499286 320 839680
310047706 499286 320 843776
310048223 503382 320 843776
310048555 503382 320 843776
310101789 503382 320 847872
310102314 507478 320 847872
310102650 507478 320 847872
310155879 507478 320 851968
310156405 511574 320 851968
310156745 511574 320 851968
310209947 511574 320 856064
310210464 515670 320 856064
310210807 515670 320 856064
310264029 515670 320 860160
310264544 519766 320 860160
310264882 519766 320 860160
310318068 519766 320 864256
310318601 523862 320 864256
310318941 523862 320 864256
310372131 523862 320 868352
310372656 527958 320 868352
310372989 527958 320 868352
310426174 527958 320 872448
310426695 532054 320 872448
310427030 532054 320 872448
310480224 532054 320 876544
310481625 536150 320 876544
310481965 536150 320 876544
310535152 536150 320 880640
310535697 540246 320 880640
310536047 540246 320 880640
310589963 540246 320 884736
310590510 544342 320 884736
310590847 544342 320 884736
310644165 544342 320 888832
310645724 548438 320 888832
310646066 548438 320 888832
310699281 548438 320 892928
310699871 552534 320 892928
310700206 552534 320 892928
310753418 552534 320 897024
310753950 556630 320 897024
310754286 556630 320 897024
310807724 556630 320 901120
310808238 560726 320 901120
310808580 560726 320 901120
310861777 560726 320 905216
310862301 564822 320 905216
310862637 564822 320 905216
310915870 564822 320 909312
310916415 568918 320 909312
310916756 568918 320 909312
310969920 568918 320 913408
310970441 573014 320 913408
310970777 573014 320 913408
311023948 573014 320 917504
311024462 577110 320 917504
311024808 577110 320 917504
311077966 577110 320 921600
311078490 581206 320 921600
311078828 581206 320 921600
311132030 581206 320 925696
311132558 585302 320 925696
311132897 585302 320 925696
311186082 585302 320 929792
311186718 589398 320 929792
311187052 589398 320 929792
311240256 589398 320 933888
311241735 593494 320 933888
311242074 593494 320 933888
311295249 593494 320 937984
311295795 597590 320 937984
311296137 597590 320 937984
311349332 597590 320 942080
311349869 601686 320 942080
311350202 601686 320 942080
311403396 601686 320 946176
311403926 605782 320 946176
311404259 605782 320 946176
311457553 605782 320 950272
311458087 609878 320 950272
311458422 609878 320 950272
311511613 609878 320 954368
311512150 613974 320 954368
311512488 613974 320 954368
311565653 613974 320 958464
311566185 618070 320 958464
311566523 618070 320 958464
311619681 618070 320 962560
311620202 622166 320 962560
311620538 622166 320 962560
311673760 622166 320 966656
311674281 626262 320 966656
311674616 626262 320 966656
311727862 626262 320 970752
311728428 630358 320 970752
311728761 630358 320 970752
311787661 630358 320 974848
311788509 634454 320 974848
311788954 634454 320 974848
311842307 634454 320 978944
311842839 638550 320 978944
311843170 638550 320 978944
311896364 638550 320 983040
311896891 642646 320 983040
311897228 642646 320 983040
311950419 642646 320 987136
311950938 646742 320 987136
311951280 646742 320 987136
312004531 646742 320 991232
312006072 650838 320 991232
312006441 650838 320 991232
312059636 650838 320 995328
312060171 654934 320 995328
312060508 654934 320 995328
312113704 654934 320 999424
312114260 659030 320 999424
312114597 659030 320 999424
312167783 659030 320 1003520
312168401 663126 320 1003520
312168737 663126 320 1003520
312222011 663126 320 1007616
312222556 667222 320 1007616
312222898 667222 320 1007616
312276100 667222 320 1011712
312276627 671318 320 1011712
312276967 671318 320 1011712
312330959 671318 320 1015808
312331522 675414 320 1015808
312331874 675414 320 1015808
312385080 675414 320 1019904
312385593 679510 320 1019904
312385931 679510 320 1019904
312439147 679510 320 1024000
312439666 683606 320 1024000
312440033 683606 320 1024000
312493213 683606 320 1028096
312493733 687702 320 1028096
312494074 687702 320 1028096
312547254 687702 320 1032192
312547779 691798 320 1032192
312548118 691798 320 1032192
312601302 691798 320 1036288
312601826 695894 320 1036288
312602169 695894 320 1036288
312655372 695894 320 1040384
312655896 699990 320 1040384
312656235 699990 320 1040384
312709411 699990 320 1044480
312709938 704086 320 1044480
312710275 704086 320 1044480
312763453 704086 320 1048576
312764886 708182 320 1048576
312765222 708182 320 1048576
312818737 708182 320 1052672
312819285 712278 320 1052672
312819629 712278 320 1052672
312872789 712278 320 1056768
312873403 716374 320 1056768
312877137 716374 320 1056768
312930476 716374 320 1060864
312931127 720470 320 1060864
312931494 720470 320 1060864
312984778 720470 320 1064960
312985350 724566 320 1064960
312985697 724566 320 1064960
313038885 724566 320 1069056
313039421 728662 320 1069056
313039760 728662 320 1069056
313092945 728662 320 1073152
313093478 732758 320 1073152
313093817 732758 320 1073152
313147000 732758 320 1077248
313147534 736854 320 1077248
313147867 736854 320 1077248
313201019 736854 320 1081344
313201545 740950 320 1081344
313201883 740950 320 1081344
313255041 740950 320 1085440
313255569 745046 320 1085440
313255901 745046 320 1085440
313309048 745046 320 1089536
313309597 749142 320 1089536
313309937 749142 320 1089536
313363089 749142 320 1093632
313363617 753238 320 1093632
313363954 753238 320 1093632
313417143 753238 320 1097728
313417812 757334 320 1097728
313418148 757334 320 1097728
313471319 757334 320 1101824
313471850 761430 320 1101824
313472187 761430 320 1101824
313525421 761430 320 1105920
313526854 765526 320 1105920
313527191 765526 320 1105920
313580374 765526 320 1110016
313580911 769622 320 1110016
313581244 769622 320 1110016
313634401 769622 320 1114112
313634922 773718 320 1114112
313635262 773718 320 1114112
313688425 773718 320 1118208
313688951 777814 320 1118208
313689285 777814 320 1118208
313742465 777814 320 1122304
313742984 781910 320 1122304
313743324 781910 320 1122304
313796869 781910 320 1126400
313797457 786006 320 1126400
313797834 786006 320 1126400
313851015 786006 320 1130496
313851568 790102 320 1130496
313851904 790102 320 1130496
313905101 790102 320 1134592
313905643 794198 320 1134592
313905976 794198 320 1134592
313959138 794198 320 1138688
313959654 798294 320 1138688
313959993 798294 320 1138688
314013251 798294 320 1142784
314013775 802390 320 1142784
314014111 802390 320 1142784
314067304 802390 320 1146880
314067830 806486 320 1146880
314068168 806486 320 1146880
314122102 806486 320 1150976
314122645 810582 320 1150976
314122980 810582 320 1150976
314176221 810582 320 1155072
314176757 814678 320 1155072
314177100 814678 320 1155072
314230951 814678 320 1159168
314231483 818774 320 1159168
314231829 818774 320 1159168
314285033 818774 320 1163264
314286532 822870 320 1163264
314286873 822870 320 1163264
314340068 822870 320 1167360
314340632 826966 320 1167360
314340969 826966 320 1167360
314394127 826966 320 1171456
314394658 831062 320 1171456
314394993 831062 320 1171456
314448171 831062 320 1175552
314448706 835158 320 1175552
314449042 835158 320 1175552
314502323 835158 320 1179648
314502988 839254 320 1179648
314503320 839254 320 1179648
314556521 839254 320 1183744
314557067 843350 320 1183744
314557402 843350 320 1183744
314610606 843350 320 1187840
314611124 847446 320 1187840
314611459 847446 320 1187840
314664636 847446 320 1191936
314665326 851542 320 1191936
314665661 851542 320 1191936
314718839 851542 320 1196032
314719382 855638 320 1196032
314719721 855638 320 1196032
314772885 855638 320 1200128
314773429 859734 320 1200128
314773769 859734 320 1200128
314827200 859734 320 1204224
314827735 863830 320 1204224
314828074 863830 320 1204224
314881223 863830 320 1208320
314881752 867926 320 1208320
314882088 867926 320 1208320
314935242 867926 320 1212416
314935759 872022 320 1212416
314936098 872022 320 1212416
314989265 872022 320 1216512
314989796 876118 320 1216512
314990132 876118 320 1216512
315043323 876118 320 1220608
315044711 880214 320 1220608
315045054 880214 320 1220608
315098272 880214 320 1224704
315098806 884310 320 1224704
315099150 884310 320 1224704
315152312 884310 320 1228800
315152836 888406 320 1228800
315153175 888406 320 1228800
315206324 888406 320 1232896
315206844 892502 320 1232896
315207177 892502 320 1232896
315260364 892502 320 1236992
315260887 896598 320 1236992
315261224 896598 320 1236992
315314425 896598 320 1241088
315314955 900694 320 1241088
315315285 900694 320 1241088
315368445 900694 320 1245184
315368969 904790 320 1245184
315369305 904790 320 1245184
315422456 904790 320 1249280
315422968 908886 320 1249280
315423305 908886 320 1249280
315476490 908886 320 1253376
315477018 912982 320 1253376
315477353 912982 320 1253376
315530521 912982 320 1257472
315531041 917078 320 1257472
315531375 917078 320 1257472
315584560 917078 320 1261568
315585077 921174 320 1261568
315585411 921174 320 1261568
315638622 921174 320 1265664
315639148 925270 320 1265664
315639485 925270 320 1265664
315692667 925270 320 1269760
315693185 929366 320 1269760
315693527 929366 320 1269760
315746714 929366 320 1273856
315747234 933462 320 1273856
315747569 933462 320 1273856
315800997 933462 320 1277952
315802447 937558 320 1277952
315802787 937558 320 1277952
315855990 937558 320 1282048
315856523 941654 320 1282048
315856862 941654 320 1282048
315911699 941654 320 1286144
315912274 945750 320 1286144
315912621 945750 320 1286144
315965946 945750 320 1290240
315966481 949846 320 1290240
315966816 949846 320 1290240
316020078 949846 320 1294336
316020612 953942 320 1294336
316020950 953942 320 1294336
316074174 953942 320 1298432
316074714 958038 320 1298432
316075046 958038 320 1298432
316128214 958038 320 1302528
316128734 962134 320 1302528
316129066 962134 320 1302528
316182313 962134 320 1306624
316182845 966230 320 1306624
316183182 966230 320 1306624
316236346 966230 320 1310720
316236862 970326 320 1310720
316237192 970326 320 1310720
316290383 970326 320 1314816
316290907 974422 320 1314816
316291237 974422 320 1314816
316344498 974422 320 1318912
316345019 978518 320 1318912
316345353 978518 320 1318912
316398508 978518 320 1323008
316399157 982614 320 1323008
316399485 982614 320 1323008
316452725 982614 320 1327104
316453235 986710 320 1327104
316453571 986710 320 1327104
316506716 986710 320 1331200
316507248 990806 320 1331200
316507578 990806 320 1331200
316560741 990806 320 1335296
316562169 994902 320 1335296
316562513 994902 320 1335296
316615716 994902 320 1339392
316616244 998998 320 1339392
316616580 998998 320 1339392
316669827 998998 320 1343488
316670444 1003094 320 1343488
316673641 1003094 320 1343488
316726945 1003094 320 1347584
316727505 1007190 320 1347584
316727870 1007190 320 1347584
316781101 1007190 320 1351680
316787246 1011286 320 1351680
316787621 1011286 320 1351680
316840914 1011286 320 1355776
316841464 1015382 320 1355776
316841801 1015382 320 1355776
316895246 1015382 320 1359872
316895777 1019478 320 1359872
316896115 1019478 320 1359872
316949304 1019478 320 1363968
316949838 1023574 320 1363968
316950181 1023574 320 1363968
317003372 1023574 320 1368064
317003913 1027670 320 1368064
317004256 1027670 320 1368064
317057450 1027670 320 1372160
317057975 1031766 320 1372160
317058317 1031766 320 1372160
317111503 1031766 320 1376256
317112046 1035862 320 1376256
317112383 1035862 320 1376256
317165604 1035862 320 1380352
317166140 1039958 320 1380352
317166476 1039958 320 1380352
317219671 1039958 320 1384448
317220232 1044054 320 1384448
317220565 1044054 320 1384448
317273833 1044054 320 1388544
317274368 1048150 320 1388544
317274701 1048150 320 1388544
317327912 1048150 320 1392640
317329247 1052246 320 1392640
317329585 1052246 320 1392640
317382360 1048150 320 1392640
317382836 1048150 320 1392640
317435456 1044054 320 1392640
317435828 1044054 320 1392640
317488395 1039958 320 1392640
317488737 1039958 320 1392640
317541285 1035862 320 1392640
317541624 1035862 320 1392640
317594182 1031766 320 1392640
317594521 1031766 320 1392640
317647060 1027670 320 1392640
317647396 1027670 320 1392640
317699955 1023574 320 1392640
317700291 1023574 320 1392640
317752854 1019478 320 1392640
317753188 1019478 320 1392640
317806096 1015382 320 1392640
317806436 1015382 320 1392640
317858998 1011286 320 1392640
317859336 1011286 320 1392640
317911869 1007190 320 1392640
317912208 1007190 320 1392640
317964742 1003094 320 1392640
317965080 1003094 320 1392640
318017618 998998 320 1392640
318017953 998998 320 1392640
318070481 994902 320 1392640
318070817 994902 320 1392640
318123367 990806 320 1392640
318123704 990806 320 1392640
318176239 986710 320 1392640
318176590 986710 320 1392640
318229136 982614 320 1392640
318229472 982614 320 1392640
318282008 978518 320 1392640
318282344 978518 320 1392640
318334868 974422 320 1392640
318335207 974422 320 1392640
318387782 970326 320 1392640
318388118 970326 320 1392640
318440651 966230 320 1392640
318440989 966230 320 1392640
318493515 962134 320 1392640
318493894 962134 320 1392640
318546448 958038 320 1392640
318546784 958038 320 1392640
318599351 953942 320 1392640
318599688 953942 320 1392640
318652230 949846 320 1392640
318652572 949846 320 1392640
318705119 945750 320 1392640
318705456 945750 320 1392640
318757982 941654 320 1392640
318758319 941654 320 1392640
318811090 937558 320 1392640
318811426 937558 320 1392640
318864000 933462 320 1392640
318864340 933462 320 1392640
318916880 929366 320 1392640
318917256 929366 320 1392640
318969807 925270 320 1392640
318970145 925270 320 1392640
319022672 921174 320 1392640
319023009 921174 320 1392640
319075543 917078 320 1392640
319075883 917078 320 1392640
319128418 912982 320 1392640
319128758 912982 320 1392640
319181289 908886 320 1392640
319181625 908886 320 1392640
319234157 904790 320 1392640
319234493 904790 320 1392640
319287021 900694 320 1392640
319287359 900694 320 1392640
319339890 896598 320 1392640
319340229 896598 320 1392640
319392765 892502 320 1392640
319393107 892502 320 1392640
319445676 888406 320 1392640
319446012 888406 320 1392640
319498557 884310 320 1392640
319498894 884310 320 1392640
319551440 880214 320 1392640
319551816 880214 320 1392640
319604384 876118 320 1392640
319604723 876118 320 1392640
319657270 872022 320 1392640
319657608 872022 320 1392640
319710141 867926 320 1392640
319710477 867926 320 1392640
319763002 863830 320 1392640
319763341 863830 320 1392640
319816125 859734 320 1392640
319816462 859734 320 1392640
319869010 855638 320 1392640
319869348 855638 320 1392640
319921904 851542 320 1392640
319922241 851542 320 1392640
319974787 847446 320 1392640
319975126 847446 320 1392640
320027683 843350 320 1392640
320028022 843350 320 1392640
320080562 839254 320 1392640
320080902 839254 320 1392640
320133428 835158 320 1392640
320133764 835158 320 1392640
320186296 831062 320 1392640
320186637 831062 320 1392640
320239161 826966 320 1392640
320239500 826966 320 1392640
320292037 822870 320 1392640
320292375 822870 320 1392640
320344892 818774 320 1392640
320345230 818774 320 1392640
320397778 814678 320 1392640
320398122 814678 320 1392640
320450650 810582 320 1392640
320450986 810582 320 1392640
320503528 806486 320 1392640
320503862 806486 320 1392640
320556435 802390 320 1392640
320556775 802390 320 1392640
320609308 798294 320 1392640
320609646 798294 320 1392640
320662186 794198 320 1392640
320662526 794198 320 1392640
320716121 790102 320 1392640
320716460 790102 320 1392640
320769016 786006 320 1392640
320769354 786006 320 1392640
320822137 781910 320 1392640
320822478 781910 320 1392640
320875020 777814 320 1392640
320875449 777814 320 1392640
320931043 773718 320 1392640
320931472 773718 320 1392640
320984013 769622 320 1392640
320984347 769622 320 1392640
321036916 765526 320 1392640
321037252 765526 320 1392640
321089813 761430 320 1392640
321090149 761430 320 1392640
321142702 757334 320 1392640
321143074 757334 320 1392640
321195630 753238 320 1392640
321195964 753238 320 1392640
321248509 749142 320 1392640
321248843 749142 320 1392640
321301394 745046 320 1392640
321301728 745046 320 1392640
321354270 740950 320 1392640
321354606 740950 320 1392640
321407133 736854 320 1392640
321407467 736854 320 1392640
321460012 732758 320 1392640
321460346 732758 320 1392640
321512901 728662 320 1392640
321513235 728662 320 1392640
321565773 724566 320 1392640
321566112 724566 320 1392640
321618667 720470 320 1392640
321619000 720470 320 1392640
321671544 716374 320 1392640
321671880 716374 320 1392640
321724413 712278 320 1392640
321724746 712278 320 1392640
321777317 708182 320 1392640
321777653 708182 320 1392640
321830536 704086 320 1392640
321830877 704086 320 1392640
321883424 699990 320 1392640
321883758 699990 320 1392640
321936289 695894 320 1392640
321936625 695894 320 1392640
321989170 691798 320 1392640
321989504 691798 320 1392640
322042037 687702 320 1392640
322042371 687702 320 1392640
322094942 683606 320 1392640
322095278 683606 320 1392640
322147814 679510 320 1392640
322148149 679510 320 1392640
322200715 675414 320 1392640
322201050 675414 320 1392640
322253570 671318 320 1392640
322253903 671318 320 1392640
322306443 667222 320 1392640
322306781 667222 320 1392640
322359303 663126 320 1392640
322359635 663126 320 1392640
322412173 659030 320 1392640
322412507 659030 320 1392640
322465031 654934 320 1392640
322465367 654934 320 1392640
322517906 650838 320 1392640
322518241 650838 320 1392640
322570788 646742 320 1392640
322571123 646742 320 1392640
322623660 642646 320 1392640
322623991 642646 320 1392640
322676555 638550 320 1392640
322676893 638550 320 1392640
322729437 634454 320 1392640
322729771 634454 320 1392640
322782372 630358 320 1392640
322782706 630358 320 1392640
322840194 626262 320 1392640
322840533 626262 320 1392640
322893121 622166 320 1392640
322893453 622166 320 1392640
322946021 618070 320 1392640
322946355 618070 320 1392640
322998890 613974 320 1392640
322999223 613974 320 1392640
323051791 609878 320 1392640
323052123 609878 320 1392640
323104662 605782 320 1392640
323104996 605782 320 1392640
323157544 601686 320 1392640
323157881 601686 320 1392640
323210442 597590 320 1392640
323210777 597590 320 1392640
323263320 593494 320 1392640
323263653 593494 320 1392640
323316207 589398 320 1392640
323316542 589398 320 1392640
323369085 585302 320 1392640
323369425 585302 320 1392640
323421967 581206 320 1392640
323422300 581206 320 1392640
323474861 577110 320 1392640
323475232 577110 320 1392640
323527767 573014 320 1392640
323528101 573014 320 1392640
323580665 568918 320 1392640
323581001 568918 320 1392640
323633540 564822 320 1392640
323633878 564822 320 1392640
323686436 560726 320 1392640
323686775 560726 320 1392640
323739309 556630 320 1392640
323739644 556630 320 1392640
323792474 552534 320 1392640
323792821 552534 320 1392640
323845370 548438 320 1392640
323845711 548438 320 1392640
323898253 544342 320 1392640
323898589 544342 320 1392640
323951164 540246 320 1392640
323951505 540246 320 1392640
324004068 536150 320 1392640
324004405 536150 320 1392640
324056944 532054 320 1392640
324057287 532054 320 1392640
324109841 527958 320 1392640
324110176 527958 320 1392640
324162716 523862 320 1392640
324163057 523862 320 1392640
324215597 519766 320 1392640
324215934 519766 320 1392640
324268509 515670 320 1392640
324268847 515670 320 1392640
324321386 511574 320 1392640
324321718 511574 320 1392640
324374277 507478 320 1392640
324374613 507478 320 1392640
324427148 503382 320 1392640
324427480 503382 320 1392640
324480038 499286 320 1392640
324480377 499286 320 1392640
324532913 495190 320 1392640
324533248 495190 320 1392640
324585787 491094 320 1392640
324586123 491094 320 1392640
324638661 486998 320 1392640
324638997 486998 320 1392640
324691554 482902 320 1392640
324691888 482902 320 1392640
324744440 478806 320 1392640
324744776 478806 320 1392640
324797569 474710 320 1392640
324797907 474710 320 1392640
324850484 470614 320 1392640
324850820 470614 320 1392640
324903357 466518 320 1392640
324903694 466518 320 1392640
324956233 462422 320 1392640
324956573 462422 320 1392640
325009104 458326 320 1392640
325009441 458326 320 1392640
325062009 454230 320 1392640
325062345 454230 320 1392640
325114904 450134 320 1392640
325115238 450134 320 1392640
325167777 446038 320 1392640
325168115 446038 320 1392640
325220728 441942 320 1392640
325223720 441942 320 1392640
325276392 437846 320 1392640
325276754 437846 320 1392640
325329307 433750 320 1392640
325329639 433750 320 1392640
325382223 429654 320 1392640
325382554 429654 320 1392640
325435098 425558 320 1392640
325435432 425558 320 1392640
325487982 421462 320 1392640
325488312 421462 320 1392640
325540876 417366 320 1392640
325541211 417366 320 1392640
325593759 413270 320 1392640
325594091 413270 320 1392640
325646643 409174 320 1392640
325646977 409174 320 1392640
325699536 405078 320 1392640
325699886 405078 320 1392640
325752432 400982 320 1392640
325752768 400982 320 1392640
325805641 396886 320 1392640
325805978 396886 320 1392640
325858547 392790 320 1392640
325858880 392790 320 1392640
325911422 388694 320 1392640
325911755 388694 320 1392640
325964320 384598 320 1392640
325964652 384598 320 1392640
326017188 380502 320 1392640
326017523 380502 320 1392640
326070069 376406 320 1392640
326070403 376406 320 1392640
326122970 372310 320 1392640
326123303 372310 320 1392640
326175905 368214 320 1392640
326176240 368214 320 1392640
326228777 364118 320 1392640
326229107 364118 320 1392640
326281673 360022 320 1392640
326282008 360022 320 1392640
326334568 355926 320 1392640
326334899 355926 320 1392640
326387569 351830 320 1392640
326387902 351830 320 1392640
326440667 347734 320 1392640
326441000 347734 320 1392640
326493645 343638 320 1392640
326493976 343638 320 1392640
326546538 339542 320 1392640
326546924 339542 320 1392640
326599528 335446 320 1392640
326599859 335446 320 1392640
326652675 331350 320 1392640
326653036 331350 320 1392640
326705740 327254 320 1392640
326706074 327254 320 1392640
326758803 323158 320 1392640
326759136 323158 320 1392640
326812089 319062 320 1392640
326812418 319062 320 1392640
326865008 314966 320 1392640
326865373 314966 320 1392640
326917987 310870 320 1392640
326918322 310870 320 1392640
326970863 306774 320 1392640
326971193 306774 320 1392640
327023767 302678 320 1392640
327024097 302678 320 1392640
327076642 298582 320 1392640
327076972 298582 320 1392640
327129511 294486 320 1392640
327129845 294486 320 1392640
327182384 290390 320 1392640
327182714 290390 320 1392640
327235281 286294 320 1392640
327235610 286294 320 1392640
327288179 282198 320 1392640
327288514 282198 320 1392640
327341067 278102 320 1392640
327341400 278102 320 1392640
327394004 274006 320 1392640
327394335 274006 320 1392640
327446871 269910 320 1392640
327447203 269910 320 1392640
327499738 265814 320 1392640
327500071 265814 320 1392640
327552638 261718 320 1392640
327552968 261718 320 1392640
327605535 257622 320 1392640
327605866 257622 320 1392640
327658407 253526 320 1392640
327658737 253526 320 1392640
327711279 249430 320 1392640
327711611 249430 320 1392640
327764176 245334 320 1392640
327764508 245334 320 1392640
327817379 241238 320 1392640
327817709 241238 320 1392640
327870268 237142 320 1392640
327870595 237142 320 1392640
327923136 233046 320 1392640
327923468 233046 320 1392640
327976011 228950 320 1392640
327976341 228950 320 1392640
328028878 224854 320 1392640
328029207 224854 320 1392640
328081761 220758 320 1392640
328082091 220758 320 1392640
328134659 216662 320 1392640
328134994 216662 320 1392640
328187536 212566 320 1392640
328187864 212566 320 1392640
328240403 208470 320 1392640
328240737 208470 320 1392640
328293305 204374 320 1392640
328293636 204374 320 1392640
328346190 200278 320 1392640
328346523 200278 320 1392640
328399062 196182 320 1392640
328399390 196182 320 1392640
328451940 192086 320 1392640
328452269 192086 320 1392640
328504803 187990 320 1392640
328505172 187990 320 1392640
328557726 183894 320 1392640
328558056 183894 320 1392640
328610627 179798 320 1392640
328610956 179798 320 1392640
328663506 175702 320 1392640
328663834 175702 320 1392640
328716398 171606 320 1392640
328716730 171606 320 1392640
328769262 167510 320 1392640
328769591 167510 320 1392640
328822391 163414 320 1392640
328822722 163414 320 1392640
328875265 159318 320 1392640
328875630 159318 320 1392640
328928176 155222 320 1392640
328928511 155222 320 1392640
328981051 151126 320 1392640
328981381 151126 320 1392640
329033916 147030 320 1392640
329034249 147030 320 1392640
329086797 142934 320 1392640
329087130 142934 320 1392640
329139668 138838 320 1392640
329140002 138838 320 1392640
329192577 134742 320 1392640
329192908 134742 320 1392640
329245439 130646 320 1392640
329245772 130646 320 1392640
329298314 126550 320 1392640
329298641 126550 320 1392640
329351212 122454 320 1392640
329351544 122454 320 1392640
329404088 118358 320 1392640
329404416 118358 320 1392640
329456976 114262 320 1392640
329457309 114262 320 1392640
329509858 110166 320 1392640
329510260 110166 320 1392640
329565697 106070 320 1392640
329566067 106070 320 1392640
329618611 101974 320 1392640
329618940 101974 320 1392640
329671480 97878 320 1392640
329671810 97878 320 1392640
329724377 93782 320 1392640
329724741 93782 320 1392640
329777306 89686 320 1392640
329777635 89686 320 1392640
329830512 85590 320 1392640
329830842 85590 320 1392640
329883384 81494 320 1392640
329883711 81494 320 1392640
329936246 77398 320 1392640
329936573 77398 320 1392640
329989108 73302 320 1392640
329989435 73302 320 1392640
330041966 69206 320 1392640
330042292 69206 320 1392640
330094820 65110 320 1392640
330095183 65110 320 1392640
330147734 61014 320 1392640
330148063 61014 320 1392640
330200604 56918 320 1392640
330200934 56918 320 1392640
330253473 52822 320 1392640
330253803 52822 320 1392640
330306363 48726 320 1392640
330306691 48726 320 1392640
330359226 44630 320 1392640
330359592 44630 320 1392640
330412142 40534 320 1392640
330412471 40534 320 1392640
330465031 36438 320 1392640
330465357 36438 320 1392640
330517909 32342 320 1392640
330518241 32342 320 1392640
330570765 28246 320 1392640
330571128 28246 320 1392640
330623669 24150 320 1392640
330623995 24150 320 1392640
330676524 20054 320 1392640
330676852 20054 320 1392640
330729386 15958 320 1392640
330729716 15958 320 1392640
330782321 11862 320 1392640
330782655 11862 320 1392640
330840430 7766 320 1392640
330840771 7766 320 1392640
330893336 3670 320 1392640
330896048 3670 320 1396736
330905322 3670 320 1392640
330905551 3670 320 1388544
330905738 3670 320 1384448
330905912 3670 320 1380352
330906068 3670 320 1376256
330906214 3670 320 1372160
330906357 3670 320 1368064
330906581 3670 320 1363968
330917608 3670 320 1359872
330917787 3670 320 1355776
330917946 3670 320 1351680
330918099 3670 320 1347584
330918244 3670 320 1343488
330918396 3670 320 1339392
330918540 3670 320 1335296
330918682 3670 320 1331200
330918828 3670 320 1327104
330918972 3670 320 1323008
330919117 3670 320 1318912
330919261 3670 320 1314816
330919412 3670 320 1310720
330919557 3670 320 1306624
330919706 3670 320 1302528
330919850 3670 320 1298432
330920210 3670 320 1294336
330920362 3670 320 1290240
330920507 3670 320 1286144
330920652 3670 320 1282048
330920794 3670 320 1277952
330920942 3670 320 1273856
330921086 3670 320 1269760
330921230 3670 320 1265664
330921374 3670 320 1261568
330921517 3670 320 1257472
330921660 3670 320 1253376
330921804 3670 320 1249280
330921946 3670 320 1245184
330922088 3670 320 1241088
330922238 3670 320 1236992
330922380 3670 320 1232896
330922528 3670 320 1228800
330922672 3670 320 1224704
330922814 3670 320 1220608
330922957 3670 320 1216512
330923121 3670 320 1212416
330923274 3670 320 1208320
330923429 3670 320 1204224
330923580 3670 320 1200128
330923732 3670 320 1196032
330923884 3670 320 1191936
330924036 3670 320 1187840
330924187 3670 320 1183744
330924339 3670 320 1179648
330924481 3670 320 1175552
330924624 3670 320 1171456
330924770 3670 320 1167360
330924915 3670 320 1163264
330925062 3670 320 1159168
330925206 3670 320 1155072
330925350 3670 320 1150976
330925492 3670 320 1146880
330925636 3670 320 1142784
330925778 3670 320 1138688
330925921 3670 320 1134592
330926066 3670 320 1130496
330926208 3670 320 1126400
330926352 3670 320 1122304
330926494 3670 320 1118208
330926639 3670 320 1114112
330926783 3670 320 1110016
330926926 3670 320 1105920
330927068 3670 320 1101824
330927212 3670 320 1097728
330927354 3670 320 1093632
330927502 3670 320 1089536
330927644 3670 320 1085440
330927806 3670 320 1081344
330927949 3670 320 1077248
330928091 3670 320 1073152
330928233 3670 320 1069056
330928376 3670 320 1064960
330928518 3670 320 1060864
330928663 3670 320 1056768
330928807 3670 320 1052672
330928949 3670 320 1048576
330929090 3670 320 1044480
330929233 3670 320 1040384
330929374 3670 320 1036288
330929516 3670 320 1032192
330929657 3670 320 1028096
330929823 3670 320 1024000
330929966 3670 320 1019904
330930111 3670 320 1015808
330930253 3670 320 1011712
330930397 3670 320 1007616
330930541 3670 320 1003520
330930683 3670 320 999424
330930827 3670 320 995328
330930971 3670 320 991232
330931113 3670 320 987136
330931257 3670 320 983040
330931405 3670 320 978944
330931547 3670 320 974848
330931695 3670 320 970752
330931837 3670 320 966656
330931978 3670 320 962560
330932122 3670 320 958464
330932263 3670 320 954368
330932406 3670 320 950272
330932596 3670 320 946176
330932753 3670 320 942080
330932896 3670 320 937984
330933039 3670 320 933888
330933185 3670 320 929792
330933329 3670 320 925696
330933496 3670 320 921600
330933642 3670 320 917504
330933784 3670 320 913408
330933928 3670 320 909312
330934072 3670 320 905216
330934214 3670 320 901120
330934358 3670 320 897024
330934500 3670 320 892928
330934642 3670 320 888832
330934788 3670 320 884736
330934931 3670 320 880640
330935081 3670 320 876544
330935224 3670 320 872448
330935372 3670 320 868352
330935518 3670 320 864256
330935660 3670 320 860160
330935804 3670 320 856064
330935948 3670 320 851968
330936090 3670 320 847872
330936234 3670 320 843776
330936377 3670 320 839680
330936521 3670 320 835584
330936664 3670 320 831488
330936807 3670 320 827392
330936951 3670 320 823296
330937092 3670 320 819200
330937236 3670 320 815104
330937449 3670 320 811008
330937595 3670 320 806912
330937738 3670 320 802816
330937886 3670 320 798720
330938028 3670 320 794624
330938176 3670 320 790528
330938317 3670 320 786432
330938459 3670 320 782336
330938603 3670 320 778240
330938747 3670 320 774144
330938889 3670 320 770048
330939035 3670 320 765952
330939180 3670 320 761856
330939322 3670 320 757760
330939466 3670 320 753664
330939608 3670 320 749568
330939753 3670 320 745472
330939897 3670 320 741376
330940040 3670 320 737280
330940182 3670 320 733184
330940326 3670 320 729088
330940470 3670 320 724992
330940617 3670 320 720896
330940761 3670 320 716800
330940911 3670 320 712704
330941054 3670 320 708608
330941198 3670 320 704512
330941365 3670 320 700416
330941530 3670 320 696320
330941672 3670 320 692224
330941816 3670 320 688128
330941963 3670 320 684032
330942106 3670 320 679936
330942252 3670 320 675840
330942394 3670 320 671744
330942539 3670 320 667648
330942681 3670 320 663552
330942825 3670 320 659456
330942968 3670 320 655360
330943116 3670 320 651264
330944762 3670 320 647168
330944922 3670 320 643072
330945080 3670 320 638976
330945231 3670 320 634880
330945381 3670 320 630784
330945527 3670 320 626688
330945675 3670 320 622592
330945817 3670 320 618496
330945962 3670 320 614400
330946104 3670 320 610304
330946248 3670 320 606208
330946486 3670 320 602112
330947162 3670 320 598016
330947313 3670 320 593920
330947476 3670 320 589824
330947625 3670 320 585728
330947770 3670 320 581632
330947918 3670 320 577536
330948062 3670 320 573440
330948207 3670 320 569344
330948359 3670 320 565248
330948503 3670 320 561152
330948647 3670 320 557056
330948791 3670 320 552960
330948936 3670 320 548864
330949084 3670 320 544768
330949227 3670 320 540672
330949377 3670 320 536576
330949519 3670 320 532480
330949662 3670 320 528384
330949803 3670 320 524288
330951246 3670 320 520192
330951409 3670 320 516096
330951590 3670 320 512000
330951739 3670 320 507904
330951887 3670 320 503808
330952031 3670 320 499712
330952180 3670 320 495616
330952324 3670 320 491520
330952468 3670 320 487424
330952612 3670 320 483328
330952757 3670 320 479232
330952986 3670 320 475136
330954755 3670 320 475136
331007949 3670 384 475136
331008292 1622 384 475136
331010509 1622 384 471040
331022281 1582 384 471040
331022743 1534 384 471040
331027609 1534 384 471040
331028151 1534 384 471040
331028807 1534 384 471040
331029417 1534 384 471040
331029985 1534 384 471040
331030498 1534 384 471040
331030795 1534 384 471040
331101362 1534 384 475136
331103289 1534 384 479232
331105769 1534 384 483328
331110299 1534 384 487424
331128231 1534 384 491520
331132159 1534 384 487424
362937488 1534 384 491520
362957601 1534 384 487424
362958147 1534 384 483328
363025096 1534 384 487424
363042702 1534 384 483328
363043092 1534 384 479232
363043378 1534 384 475136
363048580 1534 384 479232
363064506 1534 384 475136
363064751 1534 384 471040
363064976 1534 384 466944
363067802 1534 384 471040
363078577 1534 384 466944
363078779 1534 384 462848
363078990 1534 384 458752
363112009 1534 384 462848
363154229 1534 384 466944
363187305 1534 384 471040
363233625 1534 384 466944
363233927 1534 384 462848
363234122 1534 384 458752
363234279 1534 384 454656
363244232 1534 384 450560
363244458 1534 384 446464
363244617 1534 384 442368
363244775 1534 384 438272
363244931 1534 384 434176
363245087 1534 384 430080
363245264 1534 384 425984
363245421 1534 384 421888
363245780 1534 384 417792
363245939 1534 384 413696
363246091 1534 384 409600
363246238 1534 384 405504
363246387 1534 384 401408
363246529 1534 384 397312
363246684 1534 384 393216
363246828 1534 384 389120
363246972 1534 384 385024
363247115 1534 384 380928
363250301 1534 384 376832
363250484 1534 384 372736
363250648 1534 384 368640
363250805 1534 384 364544
363250963 1534 384 360448
363251119 1534 384 356352
363251272 1534 384 352256
363251427 1534 384 348160
363251584 1534 384 344064
363251738 1534 384 339968
363251899 1534 384 335872
363252054 1534 384 331776
363252206 1534 384 327680
363252381 1534 384 323584
363252537 1534 384 319488
363252692 1534 384 315392
363252847 1534 384 311296
363253005 1534 384 307200
363253161 1534 384 303104
363253314 1534 384 299008
363253469 1534 384 294912
363253621 1534 384 290816
363253775 1534 384 286720
363253927 1534 384 282624
363254083 1534 384 278528
363254236 1534 384 274432
363254393 1534 384 270336
363254545 1534 384 266240
363254716 1534 384 262144
363254859 1534 384 258048
363255001 1534 384 253952
363257442 1534 384 249856
363257600 1534 384 245760
363257756 1534 384 241664
363257912 1534 384 237568
363258060 1534 384 233472
363258229 1534 384 229376
363258384 1534 384 225280
363258537 1534 384 221184
363258692 1534 384 217088
363258846 1534 384 212992
363259002 1534 384 208896
363259157 1534 384 204800
363259334 1534 384 200704
363259486 1534 384 196608
363259634 1534 384 192512
363259783 1534 384 188416
363259954 1534 384 184320
363260102 1534 384 180224
363260275 1534 384 176128
363260430 1534 384 172032
363260583 1534 384 167936
363260738 1534 384 163840
363260893 1534 384 159744
363261049 1534 384 155648
363261203 1534 384 151552
363261359 1534 384 147456
363261512 1534 384 143360
363261667 1534 384 139264
363261819 1534 384 135168
363261971 1534 384 131072
363262137 1534 384 126976
363264196 1534 384 122880
363264356 1534 384 118784
363264512 1534 384 114688
363264663 1534 384 110592
363264812 1534 384 106496
363264960 1534 384 102400
363265105 1534 384 98304
363265248 1534 384 94208
363265398 1534 384 90112
363265553 1534 384 86016
363265697 1534 384 81920
363265867 1534 384 77824
363266016 1534 384 73728
363272851 1534 384 69632
363273063 1534 384 65536
363273261 1534 384 61440
363273467 1534 384 57344
363273620 1534 384 53248
363273772 1534 384 49152
363273927 1534 384 45056
363274078 1534 384 40960
363274230 1534 384 36864
363274376 1534 384 32768
363274524 1534 384 28672
363274675 1534 384 24576
363274820 1534 384 20480
363274969 1534 384 16384
363275114 1534 384 12288
363275264 1534 384 8192
363275409 1534 384 4096
