ts heap stack kmem
274588014 1622 384 278528
274589468 3670 384 278528
274590950 3670 336 278528
274592560 3670 272 278528
274593064 3670 224 278528
274593438 3680 224 278528
274595971 3680 224 278528
274596353 3690 224 278528
274602037 3680 224 278528
274602506 3670 224 278528
274604132 3670 272 278528
274604596 3670 224 278528
274604947 3680 224 278528
274605416 3680 224 278528
274605749 3690 224 278528
274607338 3680 224 278528
274607662 3670 224 278528
274608109 3670 368 278528
274608507 3670 3776 278528
274608914 3670 3808 278528
274663370 3670 7920 278528
274663858 3670 7952 278528
274716454 3670 12064 278528
274716873 3670 12096 278528
274769513 3670 16208 278528
274773805 3670 16208 282624
274777049 3670 16240 282624
274829657 3670 20352 282624
274830618 3670 20352 286720
274831202 3670 20384 286720
274883726 3670 24496 286720
274884594 3670 24496 290816
274885157 3670 24528 290816
274937666 3670 28640 290816
274938548 3670 28640 294912
274939108 3670 28672 294912
274991625 3670 32784 294912
274992595 3670 32784 299008
274993155 3670 32816 299008
275045809 3670 36928 299008
275046706 3670 36928 303104
275047288 3670 36960 303104
275099837 3670 41072 303104
275100694 3670 41072 307200
275101378 3670 41104 307200
275153873 3670 45216 307200
275154646 3670 45216 311296
275155336 3670 45248 311296
275207826 3670 49360 311296
275208576 3670 49360 315392
275209282 3670 49392 315392
275261788 3670 53504 315392
275262565 3670 53504 319488
275263383 3670 53536 319488
275315881 3670 57648 319488
275316629 3670 57648 323584
275317334 3670 57680 323584
275369851 3670 61792 323584
275370597 3670 61792 327680
275371279 3670 61824 327680
275423774 3670 65936 327680
275424527 3670 65936 331776
275426989 3670 65968 331776
275479527 3670 70080 331776
275480303 3670 70080 335872
275480994 3670 70112 335872
275533497 3670 74224 335872
275534385 3670 74224 339968
275535860 3670 74256 339968
275589085 3670 78368 339968
275589860 3670 78368 344064
275590567 3670 78400 344064
275643190 3670 82512 344064
275643917 3670 82512 348160
275644612 3670 82544 348160
275697211 3670 86656 348160
275697951 3670 86656 352256
275698643 3670 86688 352256
275751146 3670 90800 352256
275751939 3670 90800 356352
275752627 3670 90832 356352
275805810 3670 90832 360448
275806237 3670 94944 360448
275806598 3670 94976 360448
275859777 3670 94976 364544
275860274 3670 99088 364544
275860637 3670 99120 364544
275913825 3670 99120 368640
275914303 3670 103232 368640
275914665 3670 103264 368640
275967872 3670 103264 372736
275968342 3670 107376 372736
275968673 3670 107408 372736
276021895 3670 107408 376832
276022367 3670 111520 376832
276022702 3670 111552 376832
276075865 3670 111552 380928
276076351 3670 115664 380928
276076683 3670 115696 380928
276129919 3670 115696 385024
276130383 3670 119808 385024
276130716 3670 119840 385024
276183922 3670 119840 389120
276185130 3670 123952 389120
276185462 3670 123984 389120
276238609 3670 123984 393216
276239078 3670 128096 393216
276239432 3670 128128 393216
276295160 3670 128128 397312
276295690 3670 132240 397312
276296049 3670 132272 397312
276349448 3670 132272 401408
276349931 3670 136384 401408
276350278 3670 136416 401408
276403719 3670 136416 405504
276404196 3670 140528 405504
276404538 3670 140560 405504
276457978 3670 140560 409600
276458464 3670 144672 409600
276458817 3670 144704 409600
276512258 3670 144704 413696
276512739 3670 148816 413696
276513081 3670 148848 413696
276566753 3670 148848 417792
276567230 3670 152960 417792
276567583 3670 152992 417792
276620910 3670 152992 421888
276621454 3670 157104 421888
276621833 3670 157136 421888
276675176 3670 157136 425984
276675669 3670 161248 425984
276676020 3670 161280 425984
276729415 3670 161280 430080
276729914 3670 165392 430080
276730253 3670 165424 430080
276783887 3670 165424 434176
276784362 3670 169536 434176
276784726 3670 169568 434176
276838122 3670 169568 438272
276838621 3670 173680 438272
276838952 3670 173712 438272
276892306 3670 173712 442368
276892800 3670 177824 442368
276893148 3670 177856 442368
276946459 3670 177856 446464
276947778 3670 181968 446464
276948147 3670 182000 446464
277001514 3670 182000 450560
277002052 3670 186112 450560
277002388 3670 186144 450560
277055856 3670 186144 454656
277056395 3670 190256 454656
277056758 3670 190288 454656
277110068 3670 190288 458752
277110593 3670 194400 458752
277110936 3670 194432 458752
277164173 3670 194432 462848
277164715 3670 198544 462848
277165065 3670 198576 462848
277219520 3670 198576 466944
277220056 3670 202688 466944
277220436 3670 202720 466944
277273802 3670 202720 471040
277274451 3670 206832 471040
277274793 3670 206864 471040
277328021 3670 206864 475136
277328550 3670 210976 475136
277328886 3670 211008 475136
277382190 3670 211008 479232
277382724 3670 215120 479232
277383086 3670 215152 479232
277436287 3670 215152 483328
277438079 3670 219264 483328
277455666 3670 219264 487424
277460570 3670 219296 487424
277514537 3670 219296 491520
277515126 3670 223408 491520
277515531 3670 223440 491520
277569095 3670 223440 495616
277569661 3670 227552 495616
277570020 3670 227584 495616
277623294 3670 227584 499712
277623828 3670 231696 499712
277624165 3670 231728 499712
277677470 3670 231728 503808
277677987 3670 235840 503808
277678323 3670 235872 503808
277731704 3670 235872 507904
277733342 3670 239984 507904
277733699 3670 240016 507904
277787033 3670 240016 512000
277787589 3670 244128 512000
277787915 3670 244160 512000
277841218 3670 244160 516096
277841752 3670 248272 516096
277842092 3670 248304 516096
277895336 3670 248304 520192
277895845 3670 252416 520192
277896182 3670 252448 520192
277949397 3670 252448 524288
277949946 3670 256560 524288
277950270 3670 256592 524288
278003533 3670 256592 528384
278004060 3670 260704 528384
278004392 3670 260736 528384
278057639 3670 260736 532480
278058146 3670 264848 532480
278058470 3670 264880 532480
278111728 3670 264880 536576
278112229 3670 268992 536576
278112553 3670 269024 536576
278165812 3670 269024 540672
278166328 3670 273136 540672
278166662 3670 273168 540672
278219864 3670 273168 544768
278220381 3670 277280 544768
278220714 3670 277312 544768
278273936 3670 277312 548864
278274432 3670 281424 548864
278274770 3670 281456 548864
278328073 3670 281456 552960
278328575 3670 285568 552960
278328908 3670 285600 552960
278382120 3670 285600 557056
278382629 3670 289712 557056
278382965 3670 289744 557056
278436136 3670 289744 561152
278436653 3670 293856 561152
278436988 3670 293888 561152
278490207 3670 293888 565248
278491545 3670 298000 565248
278491891 3670 298032 565248
278545167 3670 298032 569344
278545684 3670 302144 569344
278546022 3670 302176 569344
278599493 3670 302176 573440
278600027 3670 306288 573440
278600360 3670 306320 573440
278668009 3670 306320 577536
278669330 3670 310432 577536
278669995 3670 310464 577536
278723919 3670 310464 581632
278724448 3670 314576 581632
278724845 3670 314608 581632
278778143 3670 314608 585728
278778667 3670 318720 585728
278779022 3670 318752 585728
278832238 3670 318752 589824
278832731 3670 322864 589824
278833050 3670 322896 589824
278886308 3670 322896 593920
278886824 3670 327008 593920
278887131 3670 327040 593920
278940433 3670 327040 598016
278940942 3670 331152 598016
278941281 3670 331184 598016
278994487 3670 331184 602112
278995223 3670 335296 602112
278995537 3670 335328 602112
279048768 3670 335328 606208
279049292 3670 339440 606208
279049606 3670 339472 606208
279102747 3670 339472 610304
279103273 3670 343584 610304
279103589 3670 343616 610304
279104520 3670 343616 614400
279157379 3670 347728 614400
279158391 3670 347728 618496
279158973 3670 347760 618496
279211534 3670 351872 618496
279212547 3670 351872 622592
279213944 3670 351904 622592
279266454 3670 356016 622592
279267488 3670 356016 626688
279268043 3670 356048 626688
279320350 3670 360160 626688
279321248 3670 360160 630784
279321748 3670 360192 630784
279374128 3670 364304 630784
279375027 3670 364304 634880
279375522 3670 364336 634880
279427791 3670 368448 634880
279428751 3670 368448 638976
279429249 3670 368480 638976
279481527 3670 372592 638976
279482435 3670 372592 643072
279482941 3670 372624 643072
279535200 3670 376736 643072
279536106 3670 376736 647168
279536615 3670 376768 647168
279589213 3670 380880 647168
279590145 3670 380880 651264
279590800 3670 380912 651264
279643089 3670 385024 651264
279643999 3670 385024 655360
279644534 3670 385056 655360
279696834 3670 389168 655360
279697737 3670 389168 659456
279698247 3670 389200 659456
279750517 3670 393312 659456
279751425 3670 393312 663552
279751944 3670 393344 663552
279804219 3670 397456 663552
279804965 3670 397456 667648
279805580 3670 397488 667648
279857855 3670 401600 667648
279858737 3670 401600 671744
279859375 3670 401632 671744
279911664 3670 405744 671744
279912485 3670 405744 675840
279913133 3670 405776 675840
279965440 3670 409888 675840
279966254 3670 409888 679936
279967567 3670 409920 679936
280019885 3670 414032 679936
280020729 3670 414032 684032
280021359 3670 414064 684032
280073632 3670 418176 684032
280074463 3670 418176 688128
280075090 3670 418208 688128
280127352 3670 422320 688128
280128142 3670 422320 692224
280128749 3670 422352 692224
280181016 3670 426464 692224
280181828 3670 426464 696320
280182448 3670 426496 696320
280234738 3670 430608 696320
280235558 3670 430608 700416
280236182 3670 430640 700416
280288488 3670 434752 700416
280289335 3670 434752 704512
280289950 3670 434784 704512
280342062 3670 438896 704512
280342951 3670 438896 708608
280343549 3670 438928 708608
280395637 3670 443040 708608
280396320 3670 443040 712704
280396886 3670 443072 712704
280449777 3670 443072 716800
280450125 3670 447184 716800
280450397 3670 447216 716800
280503093 3670 447216 720896
280503478 3670 451328 720896
280503747 3670 451360 720896
280556669 3670 451360 724992
280557088 3670 455472 724992
280557356 3670 455504 724992
280610095 3670 455504 729088
280610495 3670 459616 729088
280610760 3670 459648 729088
280663459 3670 459648 733184
280664131 3670 463760 733184
280664396 3670 463792 733184
280717141 3670 463792 737280
280718157 3670 467904 737280
280718419 3670 467936 737280
280771126 3670 467936 741376
280771516 3670 472048 741376
280771781 3670 472080 741376
280824438 3670 472080 745472
280824822 3670 476192 745472
280825085 3670 476224 745472
280877738 3670 476224 749568
280878127 3670 480336 749568
280878388 3670 480368 749568
280931048 3670 480368 753664
280931440 3670 484480 753664
280931700 3670 484512 753664
280984412 3670 484512 757760
280984799 3670 488624 757760
280985069 3670 488656 757760
281037841 3670 488656 761856
281038219 3670 492768 761856
281038485 3670 492800 761856
281091215 3670 492800 765952
281091615 3670 496912 765952
281091872 3670 496944 765952
281144655 3670 496944 770048
281145061 3670 501056 770048
281145325 3670 501088 770048
281197990 3670 501088 774144
281198535 3670 505200 774144
281203022 3670 505232 774144
281256132 3670 505232 778240
281256604 3670 509344 778240
281256921 3670 509376 778240
281309724 3670 509376 782336
281310124 3670 513488 782336
281310397 3670 513520 782336
281363296 3670 513520 786432
281363723 3670 517632 786432
281364025 3670 517664 786432
281416806 3670 517664 790528
281417217 3670 521776 790528
281417497 3670 521808 790528
281470290 3670 521808 794624
281471477 3670 525920 794624
281471761 3670 525952 794624
281524648 3670 525952 798720
281525061 3670 530064 798720
281525336 3670 530096 798720
281578249 3670 530096 802816
281578702 3670 534208 802816
281578968 3670 534240 802816
281633291 3670 534240 806912
281634990 3670 538352 806912
281635285 3670 538384 806912
281687963 3670 538384 811008
281688424 3670 542496 811008
281688681 3670 542528 811008
281741287 3670 542528 815104
281741724 3670 546640 815104
281741996 3670 546672 815104
281794618 3670 546672 819200
281795049 3670 550784 819200
281795331 3670 550816 819200
281847950 3670 550816 823296
281848380 3670 554928 823296
281848636 3670 554960 823296
281901271 3670 554960 827392
281901703 3670 559072 827392
281901969 3670 559104 827392
281954592 3670 559104 831488
281955031 3670 563216 831488
281955306 3670 563248 831488
282008010 3670 563248 835584
282008437 3670 567360 835584
282008716 3670 567392 835584
282061337 3670 567392 839680
282061764 3670 571504 839680
282062056 3670 571536 839680
282114706 3670 571536 843776
282115140 3670 575648 843776
282115414 3670 575680 843776
282168067 3670 575680 847872
282168515 3670 579792 847872
282168782 3670 579824 847872
282221401 3670 579824 851968
282222422 3670 583936 851968
282222706 3670 583968 851968
282275402 3670 583968 856064
282275829 3670 588080 856064
282276107 3670 588112 856064
282328757 3670 588112 860160
282329208 3670 592224 860160
282329477 3670 592256 860160
282382166 3670 592256 864256
282382706 3670 596368 864256
282382958 3670 596400 864256
282435697 3670 596400 868352
282436139 3670 600512 868352
282436398 3670 600544 868352
282489020 3670 600544 872448
282489432 3670 604656 872448
282489702 3670 604688 872448
282542308 3670 604688 876544
282542721 3670 608800 876544
282542982 3670 608832 876544
282595771 3670 608832 880640
282596205 3670 612944 880640
282596462 3670 612976 880640
282649080 3670 612976 884736
282649497 3670 617088 884736
282649762 3670 617120 884736
282702365 3670 617120 888832
282702797 3670 621232 888832
282703057 3670 621264 888832
282755659 3670 621264 892928
282756091 3670 625376 892928
282756369 3670 625408 892928
282809009 3670 625408 897024
282809450 3670 629520 897024
282809718 3670 629552 897024
282862466 3670 629552 901120
282862890 3670 633664 901120
282863166 3670 633696 901120
282915974 3670 633696 905216
282916428 3670 637808 905216
282916757 3670 637840 905216
282969664 3670 637840 909312
282970743 3670 641952 909312
282971077 3670 641984 909312
283023799 3670 641984 913408
283024229 3670 646096 913408
283024491 3670 646128 913408
283077363 3670 646128 917504
283077810 3670 650240 917504
283078087 3670 650272 917504
283130907 3670 650272 921600
283131355 3670 654384 921600
283131635 3670 654416 921600
283184211 3670 654416 925696
283184656 3670 658528 925696
283184917 3670 658560 925696
283237469 3670 658560 929792
283237897 3670 662672 929792
283238152 3670 662704 929792
283291822 3670 662704 933888
283292260 3670 666816 933888
283292538 3670 666848 933888
283345168 3670 666848 937984
283345603 3670 670960 937984
283345898 3670 670992 937984
283399026 3670 670992 942080
283399543 3670 675104 942080
283399866 3670 675136 942080
283453218 3670 675136 946176
283453734 3670 679248 946176
283454058 3670 679280 946176
283507610 3670 679280 950272
283508126 3670 683392 950272
283508478 3670 683424 950272
283561862 3670 683424 954368
283562390 3670 687536 954368
283562711 3670 687568 954368
283615846 3670 687568 958464
283616378 3670 691680 958464
283616699 3670 691712 958464
283670114 3670 691712 962560
283670652 3670 695824 962560
283671022 3670 695856 962560
283672565 3670 695856 966656
283673167 3670 695856 970752
283726938 3670 699968 970752
283727996 3670 699968 974848
283728559 3670 700000 974848
283781076 3670 704112 974848
283782069 3670 704112 978944
283782640 3670 704144 978944
283835154 3670 708256 978944
283836307 3670 708256 983040
283836887 3670 708288 983040
283889388 3670 712400 983040
283890430 3670 712400 987136
283891014 3670 712432 987136
283943508 3670 716544 987136
283944444 3670 716544 991232
283945028 3670 716576 991232
283997577 3670 720688 991232
283998522 3670 720688 995328
283999251 3670 720720 995328
284051820 3670 724832 995328
284052881 3670 724832 999424
284053533 3670 724864 999424
284106089 3670 728976 999424
284107124 3670 728976 1003520
284107755 3670 729008 1003520
284160411 3670 733120 1003520
284161452 3670 733120 1007616
284162069 3670 733152 1007616
284214745 3670 737264 1007616
284215920 3670 737264 1011712
284216557 3670 737296 1011712
284269194 3670 741408 1011712
284270195 3670 741408 1015808
284270766 3670 741440 1015808
284323325 3670 745552 1015808
284324288 3670 745552 1019904
284324861 3670 745584 1019904
284377368 3670 749696 1019904
284378207 3670 749696 1024000
284378920 3670 749728 1024000
284431437 3670 753840 1024000
284432409 3670 753840 1028096
284433966 3670 753872 1028096
284486502 3670 757984 1028096
284487351 3670 757984 1032192
284488071 3670 758016 1032192
284540599 3670 762128 1032192
284541541 3670 762128 1036288
284542233 3670 762160 1036288
284594994 3670 766272 1036288
284595902 3670 766272 1040384
284596675 3670 766304 1040384
284649164 3670 770416 1040384
284650092 3670 770416 1044480
284650779 3670 770448 1044480
284703271 3670 774560 1044480
284704208 3670 774560 1048576
284704890 3670 774592 1048576
284757418 3670 778704 1048576
284758265 3670 778704 1052672
284758951 3670 778736 1052672
284811491 3670 782848 1052672
284812329 3670 782848 1056768
284813027 3670 782880 1056768
284865534 3670 786992 1056768
284866389 3670 786992 1060864
284867101 3670 787024 1060864
284921622 3670 787024 1064960
284922084 3670 791136 1064960
284926302 3670 791168 1064960
284978964 3670 795280 1064960
284979936 3670 795280 1069056
284980681 3670 795312 1069056
285034109 3670 795312 1073152
285034571 3670 799424 1073152
285034905 3670 799456 1073152
285088244 3670 799456 1077248
285088672 3670 803568 1077248
285088997 3670 803600 1077248
285142251 3670 803600 1081344
285142732 3670 807712 1081344
285143065 3670 807744 1081344
285196298 3670 807744 1085440
285197569 3670 811856 1085440
285197936 3670 811888 1085440
285251259 3670 811888 1089536
285251739 3670 816000 1089536
285252061 3670 816032 1089536
285305293 3670 816032 1093632
285305790 3670 820144 1093632
285306117 3670 820176 1093632
285359386 3670 820176 1097728
285359915 3670 824288 1097728
285360239 3670 824320 1097728
285413519 3670 824320 1101824
285414018 3670 828432 1101824
285414332 3670 828464 1101824
285467555 3670 828464 1105920
285468028 3670 832576 1105920
285468358 3670 832608 1105920
285521607 3670 832608 1110016
285522084 3670 836720 1110016
285522411 3670 836752 1110016
285576264 3670 836752 1114112
285576742 3670 840864 1114112
285577072 3670 840896 1114112
285630361 3670 840896 1118208
285630861 3670 845008 1118208
285631200 3670 845040 1118208
285684559 3670 845040 1122304
285685056 3670 849152 1122304
285685398 3670 849184 1122304
285738696 3670 849184 1126400
285739463 3670 853296 1126400
285739809 3670 853328 1126400
285793087 3670 853328 1130496
285793603 3670 857440 1130496
285793942 3670 857472 1130496
285847243 3670 857472 1134592
285847742 3670 861584 1134592
285848090 3670 861616 1134592
285901333 3670 861616 1138688
285901832 3670 865728 1138688
285902154 3670 865760 1138688
285955400 3670 865760 1142784
285956598 3670 869872 1142784
285956953 3670 869904 1142784
286010258 3670 869904 1146880
286010803 3670 874016 1146880
286011139 3670 874048 1146880
286064400 3670 874048 1150976
286064895 3670 878160 1150976
286065208 3670 878192 1150976
286118447 3670 878192 1155072
286118964 3670 882304 1155072
286119297 3670 882336 1155072
286172493 3670 882336 1159168
286173011 3670 886448 1159168
286173331 3670 886480 1159168
286226491 3670 886480 1163264
286227019 3670 890592 1163264
286227338 3670 890624 1163264
286280491 3670 890624 1167360
286281041 3670 894736 1167360
286281363 3670 894768 1167360
286334508 3670 894768 1171456
286335033 3670 898880 1171456
286335343 3670 898912 1171456
286388496 3670 898912 1175552
286389006 3670 903024 1175552
286389321 3670 903056 1175552
286442484 3670 903056 1179648
286443010 3670 907168 1179648
286443317 3670 907200 1179648
286496516 3670 907200 1183744
286497020 3670 911312 1183744
286497349 3670 911344 1183744
286561421 3670 911344 1187840
286562147 3670 915456 1187840
286562539 3670 915488 1187840
286617118 3670 915488 1191936
286617664 3670 919600 1191936
286617997 3670 919632 1191936
286671072 3670 919632 1196032
286671611 3670 923744 1196032
286671924 3670 923776 1196032
286725055 3670 923776 1200128
286726360 3670 927888 1200128
286726685 3670 927920 1200128
286779858 3670 927920 1204224
286780386 3670 932032 1204224
286780737 3670 932064 1204224
286833827 3670 932064 1208320
286834351 3670 936176 1208320
286834671 3670 936208 1208320
286887736 3670 936208 1212416
286888257 3670 940320 1212416
286888582 3670 940352 1212416
286941684 3670 940352 1216512
286942220 3670 944464 1216512
286942546 3670 944496 1216512
286995647 3670 944496 1220608
286996169 3670 948608 1220608
286996498 3670 948640 1220608
287049623 3670 948640 1224704
287050150 3670 952752 1224704
287050483 3670 952784 1224704
287103568 3670 952784 1228800
287104099 3670 956896 1228800
287104426 3670 956928 1228800
287157508 3670 956928 1232896
287158035 3670 961040 1232896
287158366 3670 961072 1232896
287211463 3670 961072 1236992
287212002 3670 965184 1236992
287212312 3670 965216 1236992
287266969 3670 965216 1241088
287267549 3670 969328 1241088
287267880 3670 969360 1241088
287321255 3670 969360 1245184
287321775 3670 973472 1245184
287322082 3670 973504 1245184
287375365 3670 973504 1249280
287375884 3670 977616 1249280
287376202 3670 977648 1249280
287429507 3670 977648 1253376
287430029 3670 981760 1253376
287430342 3670 981792 1253376
287483635 3670 981792 1257472
287484977 3670 985904 1257472
287485310 3670 985936 1257472
287538737 3670 985936 1261568
287539268 3670 990048 1261568
287539590 3670 990080 1261568
287593361 3670 990080 1265664
287594013 3670 994192 1265664
287594353 3670 994224 1265664
287647671 3670 994224 1269760
287648200 3670 998336 1269760
287648514 3670 998368 1269760
287701776 3670 998368 1273856
287702296 3670 1002480 1273856
287702617 3670 1002512 1273856
287755948 3670 1002512 1277952
287756478 3670 1006624 1277952
287756815 3670 1006656 1277952
287810167 3670 1006656 1282048
287810685 3670 1010768 1282048
287811006 3670 1010800 1282048
287864402 3670 1010800 1286144
287864929 3670 1014912 1286144
287865244 3670 1014944 1286144
287918527 3670 1014944 1290240
287919062 3670 1019056 1290240
287919388 3670 1019088 1290240
287972737 3670 1019088 1294336
287973267 3670 1023200 1294336
287973592 3670 1023232 1294336
288028153 3670 1023232 1298432
288028699 3670 1027344 1298432
288029030 3670 1027376 1298432
288082419 3670 1027376 1302528
288082949 3670 1031488 1302528
288083272 3670 1031520 1302528
288136672 3670 1031520 1306624
288137176 3670 1035632 1306624
288137494 3670 1035664 1306624
288190747 3670 1035664 1310720
288191273 3670 1039776 1310720
288191599 3670 1039808 1310720
288244893 3670 1039808 1314816
288246121 3670 1043920 1314816
288246454 3670 1043952 1314816
288300778 3670 1043952 1318912
288301311 3670 1048064 1318912
288301643 3670 1048096 1318912
288354973 3670 1048096 1323008
288355515 3670 1052208 1323008
288356454 3670 1052208 1327104
288356990 3670 1052240 1327104
288409723 3670 1056352 1327104
288410697 3670 1056352 1331200
288411339 3670 1056384 1331200
288463968 3670 1060496 1331200
288464930 3670 1060496 1335296
288465502 3670 1060528 1335296
288518174 3670 1060544 1335296
288529871 3670 1060528 1335296
288582894 3670 1060544 1335296
288594592 3670 1060528 1335296
288647210 3670 1060544 1335296
288658882 3670 1060528 1335296
288711490 3670 1060544 1335296
288727139 3670 1060528 1335296
288779868 3670 1060544 1335296
288791521 3670 1060528 1335296
288844091 3670 1060544 1335296
288856379 3670 1060528 1335296
288908936 3670 1060544 1335296
288920564 3670 1060528 1335296
288973099 3670 1060544 1335296
288984733 3670 1060528 1335296
289037269 3670 1060544 1335296
289048898 3670 1060528 1335296
289101472 3670 1060544 1335296
289113102 3670 1060528 1335296
289165694 3670 1060544 1335296
289177354 3670 1060528 1335296
289229860 3670 1060544 1335296
289241515 3670 1060528 1335296
289294034 3670 1060544 1335296
289305666 3670 1060528 1335296
289358209 3670 1060544 1335296
289369837 3670 1060528 1335296
289422356 3670 1060544 1335296
289434116 3670 1060528 1335296
289486663 3670 1060544 1335296
289498364 3670 1060528 1335296
289551272 3670 1060544 1335296
289563191 3670 1060528 1335296
289615741 3670 1060544 1335296
289627814 3670 1060528 1335296
289680375 3670 1060544 1335296
289692008 3670 1060528 1335296
289744565 3670 1060544 1335296
289756195 3670 1060528 1335296
289808748 3670 1060544 1335296
289820391 3670 1060528 1335296
289872902 3670 1060544 1335296
289884892 3670 1060528 1335296
289937451 3670 1060544 1335296
289949076 3670 1060528 1335296
290001636 3670 1060544 1335296
290013309 3670 1060528 1335296
290065825 3670 1060544 1335296
290077453 3670 1060528 1335296
290129993 3670 1060544 1335296
290142047 3670 1060528 1335296
290194618 3670 1060544 1335296
290206250 3670 1060528 1335296
290258820 3670 1060544 1335296
290270450 3670 1060528 1335296
290322998 3670 1060544 1335296
290334632 3670 1060528 1335296
290387154 3670 1060544 1335296
290398785 3670 1060528 1335296
290451323 3670 1060544 1335296
290463083 3670 1060528 1335296
290515592 3670 1060544 1335296
290527313 3670 1060528 1335296
290580165 3670 1060544 1335296
290592341 3670 1060528 1335296
290644851 3670 1060544 1335296
290656484 3670 1060528 1335296
290709021 3670 1060544 1335296
290720647 3670 1060528 1335296
290773229 3670 1060544 1335296
290784882 3670 1060528 1335296
290837437 3670 1060544 1335296
290849089 3670 1060528 1335296
290901631 3670 1060544 1335296
290913882 3670 1060528 1335296
290966409 3670 1060544 1335296
290978038 3670 1060528 1335296
291030571 3670 1060544 1335296
291042206 3670 1060528 1335296
291094749 3670 1060544 1335296
291107067 3670 1060528 1335296
291159605 3670 1060544 1335296
291171233 3670 1060528 1335296
291223736 3670 1060544 1335296
291235365 3670 1060528 1335296
291287911 3670 1060544 1335296
291299540 3670 1060528 1335296
291352074 3670 1060544 1335296
291364440 3670 1060528 1335296
291416950 3670 1060544 1335296
291428578 3670 1060528 1335296
291481096 3670 1060544 1335296
291492745 3670 1060528 1335296
291545256 3670 1060544 1335296
291563522 3670 1060528 1335296
291616450 3670 1060544 1335296
291628091 3670 1060528 1335296
291680648 3670 1060544 1335296
291692283 3670 1060528 1335296
291744801 3670 1060544 1335296
291756437 3670 1060528 1335296
291808949 3670 1060544 1335296
291820582 3670 1060528 1335296
291873129 3670 1060544 1335296
291885827 3670 1060528 1335296
291938426 3670 1060544 1335296
291950061 3670 1060528 1335296
292002604 3670 1060544 1335296
292014237 3670 1060528 1335296
292066778 3670 1060544 1335296
292078415 3670 1060528 1335296
292130985 3670 1060544 1335296
292142621 3670 1060528 1335296
292195199 3670 1060544 1335296
292206962 3670 1060528 1335296
292259482 3670 1060544 1335296
292271115 3670 1060528 1335296
292323715 3670 1060544 1335296
292335378 3670 1060528 1335296
292387980 3670 1060544 1335296
292400019 3670 1060528 1335296
292452538 3670 1060544 1335296
292464171 3670 1060528 1335296
292516728 3670 1060544 1335296
292528358 3670 1060528 1335296
292581163 3670 1060544 1335296
292592882 3670 1060528 1335296
292645418 3670 1060544 1335296
292657068 3670 1060528 1335296
292709611 3670 1060544 1335296
292721242 3670 1060528 1335296
292773792 3670 1060544 1335296
292785672 3670 1060528 1335296
292838183 3670 1060544 1335296
292849814 3670 1060528 1335296
292902360 3670 1060544 1335296
292913990 3670 1060528 1335296
292966589 3670 1060544 1335296
292978470 3670 1060528 1335296
293030995 3670 1060544 1335296
293042646 3670 1060528 1335296
293095177 3670 1060544 1335296
293106809 3670 1060528 1335296
293159441 3670 1060544 1335296
293174313 3670 1060528 1335296
293227083 3670 1060544 1335296
293240131 3670 1060528 1335296
293292708 3670 1060544 1335296
293304362 3670 1060528 1335296
293356955 3670 1060544 1335296
293368587 3670 1060528 1335296
293421173 3670 1060544 1335296
293432805 3670 1060528 1335296
293485376 3670 1060544 1335296
293497009 3670 1060528 1335296
293549527 3670 1060544 1335296
293568187 3670 1060528 1335296
293621039 3670 1060544 1335296
293632801 3670 1060528 1335296
293685378 3670 1060544 1335296
293697015 3670 1060528 1335296
293749543 3670 1060544 1335296
293761175 3670 1060528 1335296
293813703 3670 1060544 1335296
293825337 3670 1060528 1335296
293877859 3670 1060544 1335296
293889493 3670 1060528 1335296
293942053 3670 1060544 1335296
293954900 3670 1060528 1335296
294007497 3670 1060544 1335296
294020334 3670 1060528 1335296
294072885 3670 1060544 1335296
294084524 3670 1060528 1335296
294137042 3670 1060544 1335296
294148673 3670 1060528 1335296
294201199 3670 1060544 1335296
294212837 3670 1060528 1335296
294265370 3670 1060544 1335296
294277006 3670 1060528 1335296
294329540 3670 1060544 1335296
294341184 3670 1060528 1335296
294393748 3670 1060544 1335296
294405382 3670 1060528 1335296
294457975 3670 1060544 1335296
294469614 3670 1060528 1335296
294522108 3670 1060544 1335296
294533357 3670 1060528 1335296
294586061 3670 1060544 1335296
294597380 3670 1060528 1335296
294649821 3670 1060544 1335296
294661232 3670 1060528 1335296
294713687 3670 1060544 1335296
294724931 3670 1060528 1335296
294777388 3670 1060544 1335296
294788824 3670 1060528 1335296
294841321 3670 1060544 1335296
294852780 3670 1060528 1335296
294905240 3670 1060544 1335296
294916485 3670 1060528 1335296
294968948 3670 1060544 1335296
294980197 3670 1060528 1335296
295032681 3670 1060544 1335296
295043926 3670 1060528 1335296
295096396 3670 1060544 1335296
295107643 3670 1060528 1335296
295160121 3670 1060544 1335296
295171371 3670 1060528 1335296
295223831 3670 1060544 1335296
295235079 3670 1060528 1335296
295287522 3670 1060544 1335296
295298769 3670 1060528 1335296
295351239 3670 1060544 1335296
295362486 3670 1060528 1335296
295414951 3670 1060544 1335296
295426195 3670 1060528 1335296
295478656 3670 1060544 1335296
295489903 3670 1060528 1335296
295542070 3670 1060544 1335296
295555911 3670 1060528 1335296
295608261 3670 1060544 1335296
295618121 3670 1060528 1335296
295670221 3670 1060544 1335296
295679865 3670 1060528 1335296
295731952 3670 1060544 1335296
295741596 3670 1060528 1335296
295793694 3670 1060544 1335296
295803551 3670 1060528 1335296
295855664 3670 1060544 1335296
295865330 3670 1060528 1335296
295917443 3670 1060544 1335296
295927557 3670 1060528 1335296
295979662 3670 1060544 1335296
295989774 3670 1060528 1335296
296041871 3670 1060544 1335296
296051514 3670 1060528 1335296
296103640 3670 1060544 1335296
296113958 3670 1060528 1335296
296166110 3670 1060544 1335296
296175754 3670 1060528 1335296
296227880 3670 1060544 1335296
296237526 3670 1060528 1335296
296289647 3670 1060544 1335296
296299289 3670 1060528 1335296
296351385 3670 1060544 1335296
296361210 3670 1060528 1335296
296413322 3670 1060544 1335296
296422967 3670 1060528 1335296
296475078 3670 1060544 1335296
296484719 3670 1060528 1335296
296536835 3670 1060544 1335296
296546479 3670 1060528 1335296
296598782 3670 1060544 1335296
296608425 3670 1060528 1335296
296660558 3670 1060544 1335296
296670207 3670 1060528 1335296
296722334 3670 1060544 1335296
296731983 3670 1060528 1335296
296784092 3670 1060544 1335296
296793841 3670 1060528 1335296
296845959 3670 1060544 1335296
296855603 3670 1060528 1335296
296907701 3670 1060544 1335296
296917446 3670 1060528 1335296
296969535 3670 1060544 1335296
296979197 3670 1060528 1335296
297031327 3670 1060544 1335296
297040971 3670 1060528 1335296
297093121 3670 1060544 1335296
297102759 3670 1060528 1335296
297154877 3670 1060544 1335296
297164520 3670 1060528 1335296
297216633 3670 1060544 1335296
297226278 3670 1060528 1335296
297278398 3670 1060544 1335296
297288044 3670 1060528 1335296
297340143 3670 1060544 1335296
297349785 3670 1060528 1335296
297401915 3670 1060544 1335296
297411554 3670 1060528 1335296
297463665 3670 1060544 1335296
297473310 3670 1060528 1335296
297525758 3670 1060544 1335296
297548668 3670 1060528 1335296
297561863 3670 1060544 1335296
297573042 3670 1060528 1335296
297631694 3670 1060544 1335296
297652494 3670 1060528 1335296
297713095 3670 1060544 1335296
297723538 3670 1060528 1335296
297775631 3670 1060544 1335296
297785011 3670 1060528 1335296
297837042 3670 1060544 1335296
297846529 3670 1060528 1335296
297898591 3670 1060544 1335296
297908016 3670 1060528 1335296
297960099 3670 1060544 1335296
297970576 3670 1060528 1335296
298022984 3670 1060544 1335296
298032624 3670 1060528 1335296
298090709 3670 1060544 1335296
298109995 3670 1060528 1335296
298162096 3670 1060544 1335296
298181893 3670 1060528 1335296
298239843 3670 1060544 1335296
298250286 3670 1060528 1335296
298302476 3670 1060544 1335296
298312118 3670 1060528 1335296
298364285 3670 1060544 1335296
298374909 3670 1060528 1335296
298427109 3670 1060544 1335296
298436982 3670 1060528 1335296
298489329 3670 1060544 1335296
298499088 3670 1060528 1335296
298551977 3670 1060544 1335296
298571233 3670 1060528 1335296
298623817 3670 1060544 1335296
298636335 3670 1060528 1335296
298688858 3670 1060544 1335296
298700497 3670 1060528 1335296
298753014 3670 1060544 1335296
298764701 3670 1060528 1335296
298840008 3670 1060544 1335296
298852011 3670 1060528 1335296
298905139 3670 1060544 1335296
298916870 3670 1060528 1335296
298969406 3670 1060544 1335296
298981148 3670 1060528 1335296
299033710 3670 1060544 1335296
299045341 3670 1060528 1335296
299097892 3670 1060544 1335296
299109527 3670 1060528 1335296
299162061 3670 1060544 1335296
299173697 3670 1060528 1335296
299226229 3670 1060544 1335296
299237863 3670 1060528 1335296
299290388 3670 1060544 1335296
299302023 3670 1060528 1335296
299354578 3670 1060544 1335296
299366231 3670 1060528 1335296
299418819 3670 1060544 1335296
299430489 3670 1060528 1335296
299483071 3670 1060544 1335296
299495424 3670 1060528 1335296
299547957 3670 1060544 1335296
299566369 3670 1060528 1335296
299619165 3670 1060544 1335296
299631227 3670 1060528 1335296
299683813 3670 1060544 1335296
299695446 3670 1060528 1335296
299747997 3670 1060544 1335296
299759747 3670 1060528 1335296
299812342 3670 1060544 1335296
299823981 3670 1060528 1335296
299877783 3670 1060544 1335296
299889551 3670 1060528 1335296
299942176 3670 1060544 1335296
299954417 3670 1060528 1335296
300006947 3670 1060544 1335296
300018586 3670 1060528 1335296
300071129 3670 1060544 1335296
300082769 3670 1060528 1335296
300135332 3670 1060544 1335296
300146972 3670 1060528 1335296
300199515 3670 1060544 1335296
300211174 3670 1060528 1335296
300263710 3670 1060544 1335296
300275352 3670 1060528 1335296
300327896 3670 1060544 1335296
300339538 3670 1060528 1335296
300392080 3670 1060544 1335296
300404561 3670 1060528 1335296
300457130 3670 1060544 1335296
300469194 3670 1060528 1335296
300521759 3670 1060544 1335296
300533399 3670 1060528 1335296
300586209 3670 1060544 1335296
300597919 3670 1060528 1335296
300650450 3670 1060544 1335296
300662086 3670 1060528 1335296
300714675 3670 1060544 1335296
300726670 3670 1060528 1335296
300779223 3670 1060544 1335296
300791815 3670 1060528 1335296
300844338 3670 1060544 1335296
300855972 3670 1060528 1335296
300908504 3670 1060544 1335296
300920520 3670 1060528 1335296
300973083 3670 1060544 1335296
300984980 3670 1060528 1335296
301037529 3670 1060544 1335296
301049236 3670 1060528 1335296
301101771 3670 1060544 1335296
301113411 3670 1060528 1335296
301165968 3670 1060544 1335296
301177665 3670 1060528 1335296
301230225 3670 1060544 1335296
301241868 3670 1060528 1335296
301294393 3670 1060544 1335296
301306193 3670 1060528 1335296
301358711 3670 1060544 1335296
301370350 3670 1060528 1335296
301422872 3670 1060544 1335296
301434506 3670 1060528 1335296
301487045 3670 1060544 1335296
301498681 3670 1060528 1335296
301551553 3670 1060544 1335296
301563436 3670 1060528 1335296
301616041 3670 1060544 1335296
301628374 3670 1060528 1335296
301680895 3670 1060544 1335296
301692534 3670 1060528 1335296
301745063 3670 1060544 1335296
301757114 3670 1060528 1335296
301809660 3670 1060544 1335296
301822705 3670 1060528 1335296
301875236 3670 1060544 1335296
301887487 3670 1060528 1335296
301940040 3670 1060544 1335296
301951751 3670 1060528 1335296
302004384 3670 1060544 1335296
302020760 3670 1060528 1335296
302073630 3670 1060544 1335296
302085340 3670 1060528 1335296
302137941 3670 1060544 1335296
302149586 3670 1060528 1335296
302202123 3670 1060544 1335296
302213813 3670 1060528 1335296
302266344 3670 1060544 1335296
302277978 3670 1060528 1335296
302330513 3670 1060544 1335296
302342146 3670 1060528 1335296
302394691 3670 1060544 1335296
302406332 3670 1060528 1335296
302458882 3670 1060544 1335296
302470535 3670 1060528 1335296
302523065 3670 1060544 1335296
302534720 3670 1060528 1335296
302587609 3670 1060544 1335296
302599244 3670 1060528 1335296
302651801 3670 1060544 1335296
302664124 3670 1060528 1335296
302716648 3670 1060544 1335296
302728280 3670 1060528 1335296
302780814 3670 1060544 1335296
302792444 3670 1060528 1335296
302845022 3670 1060544 1335296
302856655 3670 1060528 1335296
302909199 3670 1060544 1335296
302922020 3670 1060528 1335296
302974571 3670 1060544 1335296
302986275 3670 1060528 1335296
303038807 3670 1060544 1335296
303050438 3670 1060528 1335296
303103017 3670 1060544 1335296
303114650 3670 1060528 1335296
303167180 3670 1060544 1335296
303178815 3670 1060528 1335296
303231352 3670 1060544 1335296
303242983 3670 1060528 1335296
303295515 3670 1060544 1335296
303307147 3670 1060528 1335296
303359699 3670 1060544 1335296
303371336 3670 1060528 1335296
303423866 3670 1060544 1335296
303435568 3670 1060528 1335296
303488104 3670 1060544 1335296
303499743 3670 1060528 1335296
303552512 3670 1060544 1335296
303564143 3670 1060528 1335296
303616686 3670 1060544 1335296
303628318 3670 1060528 1335296
303680876 3670 1060544 1335296
303692511 3670 1060528 1335296
303745075 3670 1060544 1335296
303756751 3670 1060528 1335296
303809274 3670 1060544 1335296
303820910 3670 1060528 1335296
303873423 3670 1060544 1335296
303885320 3670 1060528 1335296
303937877 3670 1060544 1335296
303949511 3670 1060528 1335296
304002050 3670 1060544 1335296
304013916 3670 1060528 1335296
304066420 3670 1060544 1335296
304078134 3670 1060528 1335296
304130677 3670 1060544 1335296
304142312 3670 1060528 1335296
304194923 3670 1060544 1335296
304207780 3670 1060528 1335296
304260330 3670 1060544 1335296
304271966 3670 1060528 1335296
304324470 3670 1060544 1335296
304336113 3670 1060528 1335296
304388664 3670 1060544 1335296
304400911 3670 1060528 1335296
304453418 3670 1060544 1335296
304466341 3670 1060528 1335296
304518879 3670 1060544 1335296
304531831 3670 1060528 1335296
304584639 3670 1060544 1335296
304596275 3670 1060528 1335296
304648815 3670 1060544 1335296
304660445 3670 1060528 1335296
304712955 3670 1060544 1335296
304724779 3670 1060528 1335296
304777321 3670 1060544 1335296
304788954 3670 1060528 1335296
304841557 3670 1060544 1335296
304853243 3670 1060528 1335296
304905784 3670 1060544 1335296
304917418 3670 1060528 1335296
304969967 3670 1060528 1335296
305022633 3670 1056384 1335296
305075265 3670 1052240 1335296
305127934 3670 1048096 1335296
305180609 3670 1043952 1335296
305233266 3670 1039808 1335296
305285880 3670 1035664 1335296
305338575 3670 1031520 1335296
305391147 3670 1027376 1335296
305443732 3670 1023232 1335296
305496286 3670 1019088 1335296
305548987 3670 1014944 1335296
305558121 3670 1010800 1335296
305611130 3670 1006656 1335296
305663864 3670 1002512 1335296
305716510 3670 998368 1335296
305769213 3670 994224 1335296
305822009 3670 990080 1335296
305874674 3670 985936 1335296
305927320 3670 981792 1335296
305979916 3670 977648 1335296
306032480 3670 973504 1335296
306085078 3670 969360 1335296
306137888 3670 965216 1335296
306190626 3670 961072 1335296
306243212 3670 956928 1335296
306295822 3670 952784 1335296
306348544 3670 948640 1335296
306401272 3670 944496 1335296
306454003 3670 940352 1335296
306506642 3670 936208 1335296
306559976 3670 932064 1335296
306612558 3670 927920 1335296
306665112 3670 923776 1335296
306717693 3670 919632 1335296
306770305 3670 915488 1335296
306822910 3670 911344 1335296
306875487 3670 907200 1335296
306928134 3670 903056 1335296
306980767 3670 898912 1335296
307033381 3670 894768 1335296
307086012 3670 890624 1335296
307138607 3670 886480 1335296
307191234 3670 882336 1335296
307243873 3670 878192 1335296
307296458 3670 874048 1335296
307349131 3670 869904 1335296
307405202 3670 865760 1335296
307457912 3670 861616 1335296
307510517 3670 857472 1335296
307563470 3670 853328 1335296
307616059 3670 849184 1335296
307668760 3670 845040 1335296
307721426 3670 840896 1335296
307774149 3670 836752 1335296
307826733 3670 832608 1335296
307879454 3670 828464 1335296
307932037 3670 824320 1335296
307984670 3670 820176 1335296
308037286 3670 816032 1335296
308089903 3670 811888 1335296
308142636 3670 807744 1335296
308195221 3670 803600 1335296
308248097 3670 799456 1335296
308300754 3670 795312 1335296
308353338 3670 791168 1335296
308405969 3670 787024 1335296
308458580 3670 782880 1335296
308511199 3670 778736 1335296
308564142 3670 774592 1335296
308616775 3670 770448 1335296
308669425 3670 766304 1335296
308722062 3670 762160 1335296
308774631 3670 758016 1335296
308827217 3670 753872 1335296
308879857 3670 749728 1335296
308932438 3670 745584 1335296
308985005 3670 741440 1335296
309037580 3670 737296 1335296
309090210 3670 733152 1335296
309142828 3670 729008 1335296
309195400 3670 724864 1335296
309247970 3670 720720 1335296
309300556 3670 716576 1335296
309353156 3670 712432 1335296
309405761 3670 708288 1335296
309458329 3670 704144 1335296
309510911 3670 700000 1335296
309563803 3670 695856 1335296
309616448 3670 691712 1335296
309669029 3670 687568 1335296
309721611 3670 683424 1335296
309774190 3670 679280 1335296
309826776 3670 675136 1335296
309879368 3670 670992 1335296
309931930 3670 666848 1335296
309984511 3670 662704 1335296
310037093 3670 658560 1335296
310089659 3670 654416 1335296
310142241 3670 650272 1335296
310194843 3670 646128 1335296
310247509 3670 641984 1335296
310300094 3670 637840 1335296
310352671 3670 633696 1335296
310405270 3670 629552 1335296
310457871 3670 625408 1335296
310510453 3670 621264 1335296
310563365 3670 617120 1335296
310615951 3670 612976 1335296
310669579 3670 608832 1335296
310722230 3670 604688 1335296
310774883 3670 600544 1335296
310827482 3670 596400 1335296
310880046 3670 592256 1335296
310932640 3670 588112 1335296
310985195 3670 583968 1335296
311037783 3670 579824 1335296
311090354 3670 575680 1335296
311142957 3670 571536 1335296
311195522 3670 567392 1335296
311248136 3670 563248 1335296
311300747 3670 559104 1335296
311353404 3670 554960 1335296
311406016 3670 550816 1335296
311458648 3670 546672 1335296
311511246 3670 542528 1335296
311564121 3670 538384 1335296
311616740 3670 534240 1335296
311669432 3670 530096 1335296
311722120 3670 525952 1335296
311774808 3670 521808 1335296
311827399 3670 517664 1335296
311880036 3670 513520 1335296
311932605 3670 509376 1335296
311985187 3670 505232 1335296
312037896 3670 501088 1335296
312090476 3670 496944 1335296
312143139 3670 492800 1335296
312195711 3670 488656 1335296
312248328 3670 484512 1335296
312300908 3670 480368 1335296
312353577 3670 476224 1335296
312406267 3670 472080 1335296
312458848 3670 467936 1335296
312511439 3670 463792 1335296
312564397 3670 459648 1335296
312617007 3670 455504 1335296
312669590 3670 451360 1335296
312722179 3670 447216 1335296
312774750 3670 443072 1335296
312827371 3670 438928 1335296
312880055 3670 434784 1335296
312932621 3670 430640 1335296
312985203 3670 426496 1335296
313037787 3670 422352 1335296
313090378 3670 418208 1335296
313142960 3670 414064 1335296
313195512 3670 409920 1335296
313248105 3670 405776 1335296
313300730 3670 401632 1335296
313353357 3670 397488 1335296
313405954 3670 393344 1335296
313458589 3670 389200 1335296
313511193 3670 385056 1335296
313564080 3670 380912 1335296
313616664 3670 376768 1335296
313669255 3670 372624 1335296
313721851 3670 368480 1335296
313774456 3670 364336 1335296
313827049 3670 360192 1335296
313879634 3670 356048 1335296
313932262 3670 351904 1335296
313984830 3670 347760 1335296
314037407 3670 343616 1335296
314089980 3670 339472 1335296
314142560 3670 335328 1335296
314195135 3670 331184 1335296
314247710 3670 327040 1335296
314300277 3670 322896 1335296
314352881 3670 318752 1335296
314405459 3670 314608 1335296
314458034 3670 310464 1335296
314510648 3670 306320 1335296
314563553 3670 302176 1335296
314616239 3670 298032 1335296
314672004 3670 293888 1335296
314724660 3670 289744 1335296
314777261 3670 285600 1335296
314829912 3670 281456 1335296
314882474 3670 277312 1335296
314935054 3670 273168 1335296
314987666 3670 269024 1335296
315040269 3670 264880 1335296
315092846 3670 260736 1335296
315145423 3670 256592 1335296
315197984 3670 252448 1335296
315250563 3670 248304 1335296
315303130 3670 244160 1335296
315355716 3670 240016 1335296
315408294 3670 235872 1335296
315460869 3670 231728 1335296
315513455 3670 227584 1335296
315566396 3670 223440 1335296
315619007 3670 219296 1335296
315671593 3670 215152 1335296
315724166 3670 211008 1335296
315776772 3670 206864 1335296
315829388 3670 202720 1335296
315881993 3670 198576 1335296
315934586 3670 194432 1335296
315987186 3670 190288 1335296
316039777 3670 186144 1335296
316092388 3670 182000 1335296
316144979 3670 177856 1335296
316197543 3670 173712 1335296
316250123 3670 169568 1335296
316302694 3670 165424 1335296
316355280 3670 161280 1335296
316407847 3670 157136 1335296
316460443 3670 152992 1335296
316513027 3670 148848 1335296
316565901 3670 144704 1335296
316618546 3670 140560 1335296
316671157 3670 136416 1335296
316723749 3670 132272 1335296
316776324 3670 128128 1335296
316828906 3670 123984 1335296
316881500 3670 119840 1335296
316934092 3670 115696 1335296
316986673 3670 111552 1335296
317039256 3670 107408 1335296
317091824 3670 103264 1335296
317144446 3670 99120 1335296
317197038 3670 94976 1335296
317249629 3670 90832 1335296
317302211 3670 86688 1335296
317354778 3670 82544 1335296
317407358 3670 78400 1335296
317459953 3670 74256 1335296
317512528 3670 70112 1335296
317565371 3670 65968 1335296
317617929 3670 61824 1335296
317670499 3670 57680 1335296
317723136 3670 53536 1335296
317775760 3670 49392 1335296
317828330 3670 45248 1335296
317880900 3670 41104 1335296
317933483 3670 36960 1335296
317986060 3670 32816 1335296
318038650 3670 28672 1335296
318091251 3670 24528 1335296
318143877 3670 20384 1335296
318196493 3670 16240 1335296
318249106 3670 12096 1335296
318301719 3670 7952 1335296
318354289 3670 3808 1335296
318407003 3670 368 1335296
318407326 3670 3776 1335296
318407601 3670 3808 1335296
318460116 3670 7920 1335296
318460416 3670 7952 1335296
318512938 3670 12064 1335296
318513241 3670 12096 1335296
318566027 3670 16208 1335296
318566326 3670 16240 1335296
318618841 3670 20352 1335296
318619146 3670 20384 1335296
318671649 3670 24496 1335296
318671957 3670 24528 1335296
318724470 3670 28640 1335296
318724784 3670 28672 1335296
318777327 3670 32784 1335296
318777638 3670 32816 1335296
318830185 3670 36928 1335296
318830494 3670 36960 1335296
318882998 3670 41072 1335296
318883305 3670 41104 1335296
318935847 3670 45216 1335296
318936151 3670 45248 1335296
318988656 3670 49360 1335296
318988961 3670 49392 1335296
319041511 3670 53504 1335296
319041807 3670 53536 1335296
319094334 3670 57648 1335296
319094642 3670 57680 1335296
319147173 3670 61792 1335296
319147469 3670 61824 1335296
319199976 3670 65936 1335296
319200280 3670 65968 1335296
319252816 3670 70080 1335296
319253115 3670 70112 1335296
319305669 3670 74224 1335296
319305973 3670 74256 1335296
319358535 3670 78368 1335296
319358839 3670 78400 1335296
319411349 3670 82512 1335296
319411650 3670 82544 1335296
319464175 3670 86656 1335296
319464485 3670 86688 1335296
319516991 3670 90800 1335296
319517298 3670 90832 1335296
319570079 3670 94944 1335296
319570380 3670 94976 1335296
319622896 3670 99088 1335296
319623203 3670 99120 1335296
319675745 3670 103232 1335296
319676031 3670 103264 1335296
319728550 3670 107376 1335296
319728849 3670 107408 1335296
319781370 3670 111520 1335296
319781672 3670 111552 1335296
319834187 3670 115664 1335296
319834500 3670 115696 1335296
319887058 3670 119808 1335296
319887359 3670 119840 1335296
319939912 3670 123952 1335296
319940215 3670 123984 1335296
319992744 3670 128096 1335296
319993058 3670 128128 1335296
320045586 3670 132240 1335296
320045877 3670 132272 1335296
320098471 3670 136384 1335296
320098851 3670 136416 1335296
320154292 3670 140528 1335296
320154625 3670 140560 1335296
320207178 3670 144672 1335296
320207482 3670 144704 1335296
320260041 3670 148816 1335296
320260348 3670 148848 1335296
320312905 3670 152960 1335296
320313199 3670 152992 1335296
320365770 3670 157104 1335296
320366066 3670 157136 1335296
320418626 3670 161248 1335296
320418923 3670 161280 1335296
320471479 3670 165392 1335296
320471774 3670 165424 1335296
320524337 3670 169536 1335296
320524637 3670 169568 1335296
320577522 3670 173680 1335296
320577829 3670 173712 1335296
320630358 3670 177824 1335296
320630663 3670 177856 1335296
320683182 3670 181968 1335296
320683491 3670 182000 1335296
320736022 3670 186112 1335296
320736318 3670 186144 1335296
320788838 3670 190256 1335296
320789139 3670 190288 1335296
320841750 3670 194400 1335296
320842047 3670 194432 1335296
320894574 3670 198544 1335296
320894875 3670 198576 1335296
320947453 3670 202688 1335296
320947748 3670 202720 1335296
321000323 3670 206832 1335296
321000614 3670 206864 1335296
321053169 3670 210976 1335296
321053463 3670 211008 1335296
321105993 3670 215120 1335296
321106301 3670 215152 1335296
321158850 3670 219264 1335296
321159147 3670 219296 1335296
321211705 3670 223408 1335296
321212005 3670 223440 1335296
321264575 3670 227552 1335296
321264872 3670 227584 1335296
321317400 3670 231696 1335296
321317699 3670 231728 1335296
321370238 3670 235840 1335296
321370535 3670 235872 1335296
321423056 3670 239984 1335296
321423353 3670 240016 1335296
321476973 3670 244128 1335296
321477269 3670 244160 1335296
321529814 3670 248272 1335296
321530106 3670 248304 1335296
321582943 3670 252416 1335296
321583250 3670 252448 1335296
321635778 3670 256560 1335296
321636073 3670 256592 1335296
321688605 3670 260704 1335296
321688899 3670 260736 1335296
321741433 3670 264848 1335296
321741736 3670 264880 1335296
321794268 3670 268992 1335296
321794557 3670 269024 1335296
321847083 3670 273136 1335296
321847378 3670 273168 1335296
321899920 3670 277280 1335296
321900218 3670 277312 1335296
321952760 3670 281424 1335296
321953053 3670 281456 1335296
322005592 3670 285568 1335296
322005884 3670 285600 1335296
322058437 3670 289712 1335296
322058734 3670 289744 1335296
322111290 3670 293856 1335296
322111594 3670 293888 1335296
322164118 3670 298000 1335296
322164414 3670 298032 1335296
322216946 3670 302144 1335296
322217247 3670 302176 1335296
322269808 3670 306288 1335296
322270103 3670 306320 1335296
322322660 3670 310432 1335296
322322956 3670 310464 1335296
322375471 3670 314576 1335296
322375780 3670 314608 1335296
322428339 3670 318720 1335296
322428646 3670 318752 1335296
322481176 3670 322864 1335296
322481466 3670 322896 1335296
322534058 3670 327008 1335296
322534370 3670 327040 1335296
322587169 3670 331152 1335296
322587466 3670 331184 1335296
322640008 3670 335296 1335296
322640316 3670 335328 1335296
322692842 3670 339440 1335296
322693137 3670 339472 1335296
322745674 3670 343584 1335296
322745971 3670 343616 1335296
322798491 3670 347728 1335296
322798787 3670 347760 1335296
322851322 3670 351872 1335296
322851619 3670 351904 1335296
322904173 3670 356016 1335296
322904470 3670 356048 1335296
322957007 3670 360160 1335296
322957304 3670 360192 1335296
323009830 3670 364304 1335296
323010132 3670 364336 1335296
323062665 3670 368448 1335296
323062965 3670 368480 1335296
323115546 3670 372592 1335296
323115839 3670 372624 1335296
323168429 3670 376736 1335296
323168742 3670 376768 1335296
323221274 3670 380880 1335296
323221564 3670 380912 1335296
323274107 3670 385024 1335296
323274400 3670 385056 1335296
323326930 3670 389168 1335296
323327220 3670 389200 1335296
323379802 3670 393312 1335296
323380102 3670 393344 1335296
323432661 3670 397456 1335296
323432955 3670 397488 1335296
323485497 3670 401600 1335296
323485787 3670 401632 1335296
323538317 3670 405744 1335296
323538608 3670 405776 1335296
323591418 3670 409888 1335296
323591716 3670 409920 1335296
323644314 3670 414032 1335296
323644606 3670 414064 1335296
323697178 3670 418176 1335296
323697474 3670 418208 1335296
323750024 3670 422320 1335296
323750389 3670 422352 1335296
323805733 3670 426464 1335296
323806070 3670 426496 1335296
323858620 3670 430608 1335296
323858934 3670 430640 1335296
323911469 3670 434752 1335296
323911783 3670 434784 1335296
323964315 3670 438896 1335296
323964607 3670 438928 1335296
324017150 3670 443040 1335296
324017443 3670 443072 1335296
324069970 3670 447184 1335296
324070304 3670 447216 1335296
324122837 3670 451328 1335296
324123131 3670 451360 1335296
324175677 3670 455472 1335296
324175976 3670 455504 1335296
324228589 3670 459616 1335296
324228884 3670 459648 1335296
324281453 3670 463760 1335296
324281752 3670 463792 1335296
324334359 3670 467904 1335296
324334661 3670 467936 1335296
324387207 3670 472048 1335296
324387507 3670 472080 1335296
324440064 3670 476192 1335296
324440360 3670 476224 1335296
324492902 3670 480336 1335296
324493221 3670 480368 1335296
324545778 3670 484480 1335296
324546070 3670 484512 1335296
324598970 3670 488624 1335296
324599280 3670 488656 1335296
324651806 3670 492768 1335296
324652101 3670 492800 1335296
324704651 3670 496912 1335296
324704948 3670 496944 1335296
324757548 3670 501056 1335296
324757840 3670 501088 1335296
324810357 3670 505200 1335296
324810658 3670 505232 1335296
324863200 3670 509344 1335296
324863501 3670 509376 1335296
324916013 3670 513488 1335296
324916318 3670 513520 1335296
324968851 3670 517632 1335296
324969148 3670 517664 1335296
325021669 3670 521776 1335296
325021979 3670 521808 1335296
325074515 3670 525920 1335296
325074851 3670 525952 1335296
325127369 3670 530064 1335296
325127682 3670 530096 1335296
325180211 3670 534208 1335296
325180512 3670 534240 1335296
325233029 3670 538352 1335296
325233333 3670 538384 1335296
325285914 3670 542496 1335296
325286222 3670 542528 1335296
325338781 3670 546640 1335296
325339090 3670 546672 1335296
325391647 3670 550784 1335296
325391947 3670 550816 1335296
325444463 3670 554928 1335296
325444767 3670 554960 1335296
325497290 3670 559072 1335296
325497595 3670 559104 1335296
325550143 3670 563216 1335296
325550443 3670 563248 1335296
325609283 3670 567360 1335296
325609609 3670 567392 1335296
325662137 3670 571504 1335296
325662429 3670 571536 1335296
325714964 3670 575648 1335296
325715255 3670 575680 1335296
325767803 3670 579792 1335296
325768099 3670 579824 1335296
325820675 3670 583936 1335296
325820968 3670 583968 1335296
325873500 3670 588080 1335296
325873793 3670 588112 1335296
325926332 3670 592224 1335296
325926627 3670 592256 1335296
325979154 3670 596368 1335296
325979444 3670 596400 1335296
326031966 3670 600512 1335296
326032257 3670 600544 1335296
326084770 3670 604656 1335296
326085058 3670 604688 1335296
326137580 3670 608800 1335296
326137868 3670 608832 1335296
326190384 3670 612944 1335296
326190698 3670 612976 1335296
326243212 3670 617088 1335296
326243502 3670 617120 1335296
326296012 3670 621232 1335296
326296304 3670 621264 1335296
326348831 3670 625376 1335296
326349122 3670 625408 1335296
326401659 3670 629520 1335296
326401952 3670 629552 1335296
326454513 3670 633664 1335296
326454809 3670 633696 1335296
326507322 3670 637808 1335296
326507618 3670 637840 1335296
326560457 3670 641952 1335296
326560752 3670 641984 1335296
326613293 3670 646096 1335296
326613587 3670 646128 1335296
326666157 3670 650240 1335296
326666451 3670 650272 1335296
326718959 3670 654384 1335296
326719249 3670 654416 1335296
326771791 3670 658528 1335296
326772081 3670 658560 1335296
326824599 3670 662672 1335296
326824893 3670 662704 1335296
326877483 3670 666816 1335296
326877773 3670 666848 1335296
326930305 3670 670960 1335296
326930596 3670 670992 1335296
326983131 3670 675104 1335296
326983421 3670 675136 1335296
327035945 3670 679248 1335296
327036235 3670 679280 1335296
327088770 3670 683392 1335296
327089060 3670 683424 1335296
327141583 3670 687536 1335296
327141877 3670 687568 1335296
327194407 3670 691680 1335296
327194702 3670 691712 1335296
327247224 3670 695824 1335296
327247514 3670 695856 1335296
327300063 3670 699968 1335296
327300358 3670 700000 1335296
327352873 3670 704112 1335296
327353166 3670 704144 1335296
327405708 3670 708256 1335296
327406086 3670 708288 1335296
327461721 3670 712400 1335296
327462047 3670 712432 1335296
327514635 3670 716544 1335296
327514935 3670 716576 1335296
327567691 3670 720688 1335296
327567996 3670 720720 1335296
327620542 3670 724832 1335296
327620832 3670 724864 1335296
327673419 3670 728976 1335296
327673716 3670 729008 1335296
327726314 3670 733120 1335296
327726610 3670 733152 1335296
327779144 3670 737264 1335296
327779456 3670 737296 1335296
327832002 3670 741408 1335296
327832295 3670 741440 1335296
327884819 3670 745552 1335296
327885112 3670 745584 1335296
327937646 3670 749696 1335296
327937940 3670 749728 1335296
327990543 3670 753840 1335296
327990841 3670 753872 1335296
328043372 3670 757984 1335296
328043668 3670 758016 1335296
328096184 3670 762128 1335296
328096484 3670 762160 1335296
328149010 3670 766272 1335296
328149301 3670 766304 1335296
328201813 3670 770416 1335296
328202104 3670 770448 1335296
328254639 3670 774560 1335296
328254951 3670 774592 1335296
328307487 3670 778704 1335296
328307783 3670 778736 1335296
328360311 3670 782848 1335296
328360606 3670 782880 1335296
328413153 3670 786992 1335296
328413449 3670 787024 1335296
328465996 3670 791136 1335296
328466291 3670 791168 1335296
328518874 3670 795280 1335296
328519170 3670 795312 1335296
328572092 3670 799424 1335296
328572384 3670 799456 1335296
328624948 3670 803568 1335296
328625241 3670 803600 1335296
328677791 3670 807712 1335296
328678085 3670 807744 1335296
328730605 3670 811856 1335296
328730897 3670 811888 1335296
328783443 3670 816000 1335296
328783734 3670 816032 1335296
328836275 3670 820144 1335296
328836565 3670 820176 1335296
328889090 3670 824288 1335296
328889385 3670 824320 1335296
328941948 3670 828432 1335296
328942245 3670 828464 1335296
328994798 3670 832576 1335296
328995113 3670 832608 1335296
329047671 3670 836720 1335296
329047964 3670 836752 1335296
329100517 3670 840864 1335296
329100809 3670 840896 1335296
329153336 3670 845008 1335296
329153631 3670 845040 1335296
329206159 3670 849152 1335296
329206454 3670 849184 1335296
329258993 3670 853296 1335296
329259292 3670 853328 1335296
329311838 3670 857440 1335296
329312131 3670 857472 1335296
329364678 3670 861584 1335296
329364984 3670 861616 1335296
329417503 3670 865728 1335296
329417795 3670 865760 1335296
329470318 3670 869872 1335296
329470609 3670 869904 1335296
329523141 3670 874016 1335296
329523440 3670 874048 1335296
329576247 3670 878160 1335296
329576546 3670 878192 1335296
329629114 3670 882304 1335296
329629413 3670 882336 1335296
329681964 3670 886448 1335296
329682257 3670 886480 1335296
329734792 3670 890592 1335296
329735084 3670 890624 1335296
329787619 3670 894736 1335296
329787913 3670 894768 1335296
329840461 3670 898880 1335296
329840761 3670 898912 1335296
329893302 3670 903024 1335296
329893596 3670 903056 1335296
329946146 3670 907168 1335296
329946436 3670 907200 1335296
329998950 3670 911312 1335296
329999242 3670 911344 1335296
330051755 3670 915456 1335296
330052049 3670 915488 1335296
330104614 3670 919600 1335296
330104909 3670 919632 1335296
330157481 3670 923744 1335296
330157776 3670 923776 1335296
330210301 3670 927888 1335296
330210597 3670 927920 1335296
330263157 3670 932032 1335296
330263450 3670 932064 1335296
330315965 3670 936176 1335296
330316265 3670 936208 1335296
330368799 3670 940320 1335296
330369095 3670 940352 1335296
330421603 3670 944464 1335296
330421901 3670 944496 1335296
330474431 3670 948608 1335296
330474723 3670 948640 1335296
330527236 3670 952752 1335296
330527533 3670 952784 1335296
330580302 3670 956896 1335296
330580606 3670 956928 1335296
330633143 3670 961040 1335296
330633435 3670 961072 1335296
330686013 3670 965184 1335296
330686307 3670 965216 1335296
330738855 3670 969328 1335296
330739185 3670 969360 1335296
330791720 3670 973472 1335296
330792015 3670 973504 1335296
330844518 3670 977616 1335296
330844814 3670 977648 1335296
330897346 3670 981760 1335296
330897637 3670 981792 1335296
330950193 3670 985904 1335296
330950488 3670 985936 1335296
331003057 3670 990048 1335296
331003354 3670 990080 1335296
331055886 3670 994192 1335296
331056267 3670 994224 1335296
331111665 3670 998336 1335296
331112005 3670 998368 1335296
331164533 3670 1002480 1335296
331164834 3670 1002512 1335296
331217416 3670 1006624 1335296
331217720 3670 1006656 1335296
331270256 3670 1010768 1335296
331270548 3670 1010800 1335296
331323075 3670 1014912 1335296
331323368 3670 1014944 1335296
331375917 3670 1019056 1335296
331376210 3670 1019088 1335296
331428768 3670 1023200 1335296
331429063 3670 1023232 1335296
331481598 3670 1027344 1335296
331481889 3670 1027376 1335296
331534444 3670 1031488 1335296
331534734 3670 1031520 1335296
331587613 3670 1035632 1335296
331587920 3670 1035664 1335296
331640445 3670 1039776 1335296
331640780 3670 1039808 1335296
331693295 3670 1043920 1335296
331693594 3670 1043952 1335296
331746115 3670 1048064 1335296
331746418 3670 1048096 1335296
331799011 3670 1052208 1335296
331799301 3670 1052240 1335296
331851878 3670 1056352 1335296
331852200 3670 1056384 1335296
331904723 3670 1060496 1335296
331905018 3670 1060528 1335296
331957549 3670 1060544 1335296
331969347 3670 1060528 1335296
332021884 3670 1060544 1335296
332033518 3670 1060528 1335296
332086072 3670 1060544 1335296
332098659 3670 1060528 1335296
332151178 3670 1060544 1335296
332162814 3670 1060528 1335296
332215338 3670 1060544 1335296
332227215 3670 1060528 1335296
332280160 3670 1060544 1335296
332292302 3670 1060528 1335296
332344899 3670 1060544 1335296
332357760 3670 1060528 1335296
332410280 3670 1060544 1335296
332421915 3670 1060528 1335296
332474465 3670 1060544 1335296
332486100 3670 1060528 1335296
332538636 3670 1060544 1335296
332555963 3670 1060528 1335296
332608757 3670 1060544 1335296
332620605 3670 1060528 1335296
332673181 3670 1060544 1335296
332684818 3670 1060528 1335296
332737359 3670 1060544 1335296
332748994 3670 1060528 1335296
332801533 3670 1060544 1335296
332813403 3670 1060528 1335296
332865959 3670 1060544 1335296
332877606 3670 1060528 1335296
332930191 3670 1060544 1335296
332941907 3670 1060528 1335296
332994427 3670 1060544 1335296
333006064 3670 1060528 1335296
333058584 3670 1060544 1335296
333071055 3670 1060528 1335296
333123604 3670 1060544 1335296
333135247 3670 1060528 1335296
333187779 3670 1060544 1335296
333199415 3670 1060528 1335296
333251941 3670 1060544 1335296
333263578 3670 1060528 1335296
333316095 3670 1060544 1335296
333327738 3670 1060528 1335296
333380309 3670 1060544 1335296
333391948 3670 1060528 1335296
333444479 3670 1060544 1335296
333456288 3670 1060528 1335296
333508852 3670 1060544 1335296
333520494 3670 1060528 1335296
333573349 3670 1060544 1335296
333584985 3670 1060528 1335296
333637494 3670 1060544 1335296
333649132 3670 1060528 1335296
333701632 3670 1060544 1335296
333713272 3670 1060528 1335296
333765828 3670 1060544 1335296
333777466 3670 1060528 1335296
333829994 3670 1060544 1335296
333842140 3670 1060528 1335296
333894651 3670 1060544 1335296
333906289 3670 1060528 1335296
333958853 3670 1060544 1335296
333970584 3670 1060528 1335296
334023155 3670 1060544 1335296
334034794 3670 1060528 1335296
334087310 3670 1060544 1335296
334098949 3670 1060528 1335296
334151499 3670 1060544 1335296
334163196 3670 1060528 1335296
334215749 3670 1060544 1335296
334227389 3670 1060528 1335296
334279943 3670 1060544 1335296
334291578 3670 1060528 1335296
334344149 3670 1060544 1335296
334355788 3670 1060528 1335296
334408344 3670 1060544 1335296
334420007 3670 1060528 1335296
334472603 3670 1060544 1335296
334484241 3670 1060528 1335296
334536787 3670 1060544 1335296
334549096 3670 1060528 1335296
334556296 3670 1060544 1335296
334568680 3670 1060528 1335296
334621337 3670 1060544 1335296
334633688 3670 1060528 1335296
334686220 3670 1060544 1335296
334697862 3670 1060528 1335296
334750421 3670 1060544 1335296
334762063 3670 1060528 1335296
334814588 3670 1060544 1335296
334826259 3670 1060528 1335296
334878811 3670 1060544 1335296
334891481 3670 1060528 1335296
334943992 3670 1060544 1335296
334955710 3670 1060528 1335296
335008248 3670 1060544 1335296
335019887 3670 1060528 1335296
335072433 3670 1060544 1335296
335084084 3670 1060528 1335296
335136647 3670 1060544 1335296
335148291 3670 1060528 1335296
335200797 3670 1060544 1335296
335212722 3670 1060528 1335296
335265274 3670 1060544 1335296
335277901 3670 1060528 1335296
335333647 3670 1060544 1335296
335345324 3670 1060528 1335296
335397877 3670 1060544 1335296
335409513 3670 1060528 1335296
335462019 3670 1060544 1335296
335473656 3670 1060528 1335296
335526248 3670 1060544 1335296
335537948 3670 1060528 1335296
335590951 3670 1060544 1335296
335603049 3670 1060528 1335296
335655566 3670 1060544 1335296
335667202 3670 1060528 1335296
335719740 3670 1060544 1335296
335731458 3670 1060528 1335296
335783990 3670 1060544 1335296
335796471 3670 1060528 1335296
335849022 3670 1060544 1335296
335860657 3670 1060528 1335296
335913184 3670 1060544 1335296
335924817 3670 1060528 1335296
335977348 3670 1060544 1335296
335989059 3670 1060528 1335296
336041603 3670 1060544 1335296
336053241 3670 1060528 1335296
336105838 3670 1060544 1335296
336117481 3670 1060528 1335296
336170082 3670 1060544 1335296
336181756 3670 1060528 1335296
336234299 3670 1060544 1335296
336245980 3670 1060528 1335296
336298515 3670 1060544 1335296
336310153 3670 1060528 1335296
336362705 3670 1060544 1335296
336374341 3670 1060528 1335296
336426884 3670 1060544 1335296
336438522 3670 1060528 1335296
336491053 3670 1060544 1335296
336503178 3670 1060528 1335296
336555999 3670 1060544 1335296
336568128 3670 1060528 1335296
336620665 3670 1060544 1335296
336632302 3670 1060528 1335296
336684860 3670 1060544 1335296
336696500 3670 1060528 1335296
336749027 3670 1060544 1335296
336761932 3670 1060528 1335296
336814478 3670 1060544 1335296
336826117 3670 1060528 1335296
336878645 3670 1060544 1335296
336890277 3670 1060528 1335296
336942834 3670 1060544 1335296
336954471 3670 1060528 1335296
337006983 3670 1060544 1335296
337018730 3670 1060528 1335296
337071265 3670 1060544 1335296
337082905 3670 1060528 1335296
337135451 3670 1060544 1335296
337147486 3670 1060528 1335296
337200102 3670 1060544 1335296
337213132 3670 1060528 1335296
337265676 3670 1060544 1335296
337277313 3670 1060528 1335296
337329838 3670 1060544 1335296
337342179 3670 1060528 1335296
337394709 3670 1060544 1335296
337406361 3670 1060528 1335296
337458939 3670 1060544 1335296
337470577 3670 1060528 1335296
337523091 3670 1060544 1335296
337534775 3670 1060528 1335296
337587565 3670 1060544 1335296
337599274 3670 1060528 1335296
337651790 3670 1060544 1335296
337663499 3670 1060528 1335296
337716065 3670 1060544 1335296
337729017 3670 1060528 1335296
337781531 3670 1060544 1335296
337793297 3670 1060528 1335296
337845824 3670 1060544 1335296
337857594 3670 1060528 1335296
337910104 3670 1060544 1335296
337922284 3670 1060528 1335296
337974798 3670 1060544 1335296
337986545 3670 1060528 1335296
338039050 3670 1060544 1335296
338050730 3670 1060528 1335296
338103249 3670 1060544 1335296
338115123 3670 1060528 1335296
338167661 3670 1060544 1335296
338179998 3670 1060528 1335296
338232544 3670 1060544 1335296
338244202 3670 1060528 1335296
338296779 3670 1060544 1335296
338308427 3670 1060528 1335296
338360935 3670 1060544 1335296
338373971 3670 1060528 1335296
338426474 3670 1060544 1335296
338438424 3670 1060528 1335296
338490966 3670 1060544 1335296
338503719 3670 1060528 1335296
338556539 3670 1060544 1335296
338568477 3670 1060528 1335296
338620994 3670 1060544 1335296
338632959 3670 1060528 1335296
338685490 3670 1060544 1335296
338698540 3670 1060528 1335296
338751110 3670 1060544 1335296
338763145 3670 1060528 1335296
338815693 3670 1060544 1335296
338827334 3670 1060528 1335296
338879871 3670 1060544 1335296
338891511 3670 1060528 1335296
338944046 3670 1060544 1335296
338955703 3670 1060528 1335296
339008214 3670 1060544 1335296
339019972 3670 1060528 1335296
339072490 3670 1060544 1335296
339084409 3670 1060528 1335296
339136935 3670 1060544 1335296
339149073 3670 1060528 1335296
339201583 3670 1060544 1335296
339213703 3670 1060528 1335296
339266252 3670 1060544 1335296
339277922 3670 1060528 1335296
339330503 3670 1060544 1335296
339342402 3670 1060528 1335296
339394939 3670 1060544 1335296
339407144 3670 1060528 1335296
339459652 3670 1060544 1335296
339471289 3670 1060528 1335296
339523831 3670 1060544 1335296
339536338 3670 1060528 1335296
339589151 3670 1060544 1335296
339600787 3670 1060528 1335296
339653318 3670 1060544 1335296
339664956 3670 1060528 1335296
339717464 3670 1060544 1335296
339729192 3670 1060528 1335296
339784892 3670 1060544 1335296
339796577 3670 1060528 1335296
339849211 3670 1060544 1335296
339860868 3670 1060528 1335296
339913384 3670 1060544 1335296
339925541 3670 1060528 1335296
339978062 3670 1060544 1335296
339989700 3670 1060528 1335296
340042239 3670 1060544 1335296
340053877 3670 1060528 1335296
340106402 3670 1060544 1335296
340118037 3670 1060528 1335296
340170580 3670 1060544 1335296
340182425 3670 1060528 1335296
340234969 3670 1060544 1335296
340246608 3670 1060528 1335296
340299136 3670 1060544 1335296
340310774 3670 1060528 1335296
340363313 3670 1060544 1335296
340375022 3670 1060528 1335296
340427566 3670 1060544 1335296
340439198 3670 1060528 1335296
340491735 3670 1060544 1335296
340503376 3670 1060528 1335296
340556263 3670 1060544 1335296
340567899 3670 1060528 1335296
340620454 3670 1060544 1335296
340632137 3670 1060528 1335296
340684691 3670 1060544 1335296
340696329 3670 1060528 1335296
340748877 3670 1060544 1335296
340760518 3670 1060528 1335296
340813025 3670 1060544 1335296
340824657 3670 1060528 1335296
340877182 3670 1060544 1335296
340888824 3670 1060528 1335296
340941359 3670 1060544 1335296
340952997 3670 1060528 1335296
341005522 3670 1060544 1335296
341018069 3670 1060528 1335296
341070579 3670 1060544 1335296
341082215 3670 1060528 1335296
341134736 3670 1060544 1335296
341147548 3670 1060528 1335296
341200091 3670 1060544 1335296
341212688 3670 1060528 1335296
341265214 3670 1060544 1335296
341276888 3670 1060528 1335296
341329428 3670 1060544 1335296
341341063 3670 1060528 1335296
341393608 3670 1060544 1335296
341405321 3670 1060528 1335296
341457838 3670 1060544 1335296
341470500 3670 1060528 1335296
341523074 3670 1060544 1335296
341534738 3670 1060528 1335296
341587548 3670 1060544 1335296
341599889 3670 1060528 1335296
341652457 3670 1060544 1335296
341664089 3670 1060528 1335296
341716615 3670 1060544 1335296
341728255 3670 1060528 1335296
341780816 3670 1060544 1335296
341792456 3670 1060528 1335296
341844964 3670 1060544 1335296
341857745 3670 1060528 1335296
341910257 3670 1060544 1335296
341921909 3670 1060528 1335296
341974474 3670 1060544 1335296
341986110 3670 1060528 1335296
342038656 3670 1060544 1335296
342051499 3670 1060528 1335296
342104018 3670 1060544 1335296
342115688 3670 1060528 1335296
342168227 3670 1060544 1335296
342179868 3670 1060528 1335296
342232405 3670 1060544 1335296
342245305 3670 1060528 1335296
342297851 3670 1060544 1335296
342309492 3670 1060528 1335296
342362035 3670 1060544 1335296
342373710 3670 1060528 1335296
342426252 3670 1060544 1335296
342437910 3670 1060528 1335296
342490420 3670 1060544 1335296
342503292 3670 1060528 1335296
342556135 3670 1060544 1335296
342568537 3670 1060528 1335296
342621075 3670 1060544 1335296
342633459 3670 1060528 1335296
342685977 3670 1060544 1335296
342697619 3670 1060528 1335296
342750128 3670 1060544 1335296
342763170 3670 1060528 1335296
342815703 3670 1060544 1335296
342827405 3670 1060528 1335296
342879933 3670 1060544 1335296
342892980 3670 1060528 1335296
342945519 3670 1060544 1335296
342957160 3670 1060528 1335296
343009678 3670 1060544 1335296
343021313 3670 1060528 1335296
343074247 3670 1060544 1335296
343085939 3670 1060528 1335296
343138472 3670 1060544 1335296
343150108 3670 1060528 1335296
343202624 3670 1060544 1335296
343214266 3670 1060528 1335296
343266805 3670 1060544 1335296
343278441 3670 1060528 1335296
343330984 3670 1060544 1335296
343342626 3670 1060528 1335296
343395173 3670 1060544 1335296
343406830 3670 1060528 1335296
343459346 3670 1060544 1335296
343470987 3670 1060528 1335296
343523507 3670 1060544 1335296
343535142 3670 1060528 1335296
343587969 3670 1060544 1335296
343600843 3670 1060528 1335296
343653135 3670 1060544 1335296
343664771 3670 1060528 1335296
343716995 3670 1060544 1335296
343728630 3670 1060528 1335296
343780797 3670 1060544 1335296
343792451 3670 1060528 1335296
343844614 3670 1060544 1335296
343856252 3670 1060528 1335296
343908454 3670 1060544 1335296
343920084 3670 1060528 1335296
343972261 3670 1060544 1335296
343983899 3670 1060528 1335296
344036080 3670 1060544 1335296
344048901 3670 1060528 1335296
344101069 3670 1060544 1335296
344112704 3670 1060528 1335296
344164917 3670 1060544 1335296
344176633 3670 1060528 1335296
344232004 3670 1060544 1335296
344243678 3670 1060528 1335296
344295880 3670 1060544 1335296
344307518 3670 1060528 1335296
344359702 3670 1060544 1335296
344371340 3670 1060528 1335296
344423517 3670 1060544 1335296
344435189 3670 1060528 1335296
344487361 3670 1060544 1335296
344498993 3670 1060528 1335296
344566920 3670 1060544 1335296
344578653 3670 1060528 1335296
344631607 3670 1060544 1335296
344643654 3670 1060528 1335296
344696187 3670 1060544 1335296
344707834 3670 1060528 1335296
344760338 3670 1060544 1335296
344772731 3670 1060528 1335296
344828530 3670 1060544 1335296
344840684 3670 1060528 1335296
344893286 3670 1060544 1335296
344904922 3670 1060528 1335296
344957506 3670 1060544 1335296
344969678 3670 1060528 1335296
345022223 3670 1060544 1335296
345033964 3670 1060528 1335296
345086525 3670 1060544 1335296
345098161 3670 1060528 1335296
345150680 3670 1060544 1335296
345162913 3670 1060528 1335296
345215539 3670 1060544 1335296
345227181 3670 1060528 1335296
345279709 3670 1060544 1335296
345291388 3670 1060528 1335296
345344085 3670 1060544 1335296
345355740 3670 1060528 1335296
345408300 3670 1060544 1335296
345420012 3670 1060528 1335296
345472542 3670 1060544 1335296
345484178 3670 1060528 1335296
345536716 3670 1060544 1335296
345548357 3670 1060528 1335296
345601098 3670 1060544 1335296
345612788 3670 1060528 1335296
345665296 3670 1060544 1335296
345677595 3670 1060528 1335296
345730118 3670 1060544 1335296
345741780 3670 1060528 1335296
345794325 3670 1060544 1335296
345805965 3670 1060528 1335296
345858524 3670 1060544 1335296
345871240 3670 1060528 1335296
345923751 3670 1060544 1335296
345936145 3670 1060528 1335296
345988663 3670 1060544 1335296
346000297 3670 1060528 1335296
346052840 3670 1060544 1335296
346064483 3670 1060528 1335296
346117039 3670 1060544 1335296
346128679 3670 1060528 1335296
346181183 3670 1060544 1335296
346192853 3670 1060528 1335296
346245371 3670 1060544 1335296
346257411 3670 1060528 1335296
346309990 3670 1060544 1335296
346322517 3670 1060528 1335296
346375049 3670 1060544 1335296
346386685 3670 1060528 1335296
346439202 3670 1060544 1335296
346450840 3670 1060528 1335296
346503359 3670 1060544 1335296
346515519 3670 1060528 1335296
346568421 3670 1060544 1335296
346580060 3670 1060528 1335296
346632607 3670 1060544 1335296
346644242 3670 1060528 1335296
346696784 3670 1060544 1335296
346708423 3670 1060528 1335296
346760973 3670 1060544 1335296
346772609 3670 1060528 1335296
346825119 3670 1060544 1335296
346836803 3670 1060528 1335296
346889347 3670 1060544 1335296
346901067 3670 1060528 1335296
346953609 3670 1060544 1335296
346966281 3670 1060528 1335296
347018803 3670 1060544 1335296
347030435 3670 1060528 1335296
347082970 3670 1060544 1335296
347095396 3670 1060528 1335296
347147958 3670 1060544 1335296
347159618 3670 1060528 1335296
347212172 3670 1060544 1335296
347223958 3670 1060528 1335296
347276501 3670 1060544 1335296
347288133 3670 1060528 1335296
347340653 3670 1060544 1335296
347352307 3670 1060528 1335296
347404852 3670 1060544 1335296
347416489 3670 1060528 1335296
347469027 3670 1060544 1335296
347480681 3670 1060528 1335296
347533192 3670 1060544 1335296
347544921 3670 1060528 1335296
347597622 3670 1060544 1335296
347609257 3670 1060528 1335296
347661460 3670 1060544 1335296
347673103 3670 1060528 1335296
347725314 3670 1060544 1335296
347738187 3670 1060528 1335296
347790386 3670 1060544 1335296
347802020 3670 1060528 1335296
347854246 3670 1060544 1335296
347866200 3670 1060528 1335296
347918385 3670 1060544 1335296
347930021 3670 1060528 1335296
347982202 3670 1060544 1335296
347993838 3670 1060528 1335296
348046012 3670 1060544 1335296
348057646 3670 1060528 1335296
348109807 3670 1060544 1335296
348122431 3670 1060528 1335296
348174623 3670 1060544 1335296
348187633 3670 1060528 1335296
348239829 3670 1060544 1335296
348251464 3670 1060528 1335296
348303629 3670 1060544 1335296
348316237 3670 1060528 1335296
348368389 3670 1060544 1335296
348380690 3670 1060528 1335296
348432903 3670 1060528 1335296
348485143 3670 1056384 1335296
348537359 3670 1052240 1335296
348559117 3670 1048096 1335296
348611988 3670 1043952 1335296
348664506 3670 1039808 1335296
348717028 3670 1035664 1335296
348769633 3670 1031520 1335296
348826248 3670 1027376 1335296
348878847 3670 1023232 1335296
348931351 3670 1019088 1335296
348983845 3670 1014944 1335296
349036372 3670 1010800 1335296
349088954 3670 1006656 1335296
349141449 3670 1002512 1335296
349193940 3670 998368 1335296
349246412 3670 994224 1335296
349298895 3670 990080 1335296
349351406 3670 985936 1335296
349403920 3670 981792 1335296
349456403 3670 977648 1335296
349508950 3670 973504 1335296
349562068 3670 969360 1335296
349614551 3670 965216 1335296
349667041 3670 961072 1335296
349719513 3670 956928 1335296
349771999 3670 952784 1335296
349824529 3670 948640 1335296
349876997 3670 944496 1335296
349929476 3670 940352 1335296
349981958 3670 936208 1335296
350034443 3670 932064 1335296
350087025 3670 927920 1335296
350139554 3670 923776 1335296
350192048 3670 919632 1335296
350244537 3670 915488 1335296
350297015 3670 911344 1335296
350349528 3670 907200 1335296
350402025 3670 903056 1335296
350454559 3670 898912 1335296
350507046 3670 894768 1335296
350559750 3670 890624 1335296
350612287 3670 886480 1335296
350664790 3670 882336 1335296
350717280 3670 878192 1335296
350769762 3670 874048 1335296
350822239 3670 869904 1335296
350874720 3670 865760 1335296
350927187 3670 861616 1335296
350979676 3670 857472 1335296
351032164 3670 853328 1335296
351084654 3670 849184 1335296
351137142 3670 845040 1335296
351189790 3670 840896 1335296
351242312 3670 836752 1335296
351295004 3670 832608 1335296
351347492 3670 828464 1335296
351399999 3670 824320 1335296
351452483 3670 820176 1335296
351504982 3670 816032 1335296
351557897 3670 811888 1335296
351610376 3670 807744 1335296
351662882 3670 803600 1335296
351715402 3670 799456 1335296
351767906 3670 795312 1335296
351820385 3670 791168 1335296
351872882 3670 787024 1335296
351925362 3670 782880 1335296
351977869 3670 778736 1335296
352030349 3670 774592 1335296
352082902 3670 770448 1335296
352135381 3670 766304 1335296
352187864 3670 762160 1335296
352240383 3670 758016 1335296
352292913 3670 753872 1335296
352345398 3670 749728 1335296
352397894 3670 745584 1335296
352450374 3670 741440 1335296
352502888 3670 737296 1335296
352555578 3670 733152 1335296
352608143 3670 729008 1335296
352660624 3670 724864 1335296
352713105 3670 720720 1335296
352765630 3670 716576 1335296
352818128 3670 712432 1335296
352870604 3670 708288 1335296
352923071 3670 704144 1335296
352975554 3670 700000 1335296
353028037 3670 695856 1335296
353080514 3670 691712 1335296
353132996 3670 687568 1335296
353185469 3670 683424 1335296
353237997 3670 679280 1335296
353290461 3670 675136 1335296
353342982 3670 670992 1335296
353395492 3670 666848 1335296
353447962 3670 662704 1335296
353500464 3670 658560 1335296
353553455 3670 654416 1335296
353605972 3670 650272 1335296
353658437 3670 646128 1335296
353710908 3670 641984 1335296
353763400 3670 637840 1335296
353816260 3670 633696 1335296
353868784 3670 629552 1335296
353921256 3670 625408 1335296
353973797 3670 621264 1335296
354026279 3670 617120 1335296
354078749 3670 612976 1335296
354131222 3670 608832 1335296
354183695 3670 604688 1335296
354236169 3670 600544 1335296
354288650 3670 596400 1335296
354341116 3670 592256 1335296
354393631 3670 588112 1335296
354446158 3670 583968 1335296
354498622 3670 579824 1335296
354551624 3670 575680 1335296
354604155 3670 571536 1335296
354656676 3670 567392 1335296
354709182 3670 563248 1335296
354761663 3670 559104 1335296
354814140 3670 554960 1335296
354866627 3670 550816 1335296
354919142 3670 546672 1335296
354971619 3670 542528 1335296
355024121 3670 538384 1335296
355076773 3670 534240 1335296
355129263 3670 530096 1335296
355181757 3670 525952 1335296
355234245 3670 521808 1335296
355286722 3670 517664 1335296
355339207 3670 513520 1335296
355391677 3670 509376 1335296
355444167 3670 505232 1335296
355496693 3670 501088 1335296
355549281 3670 496944 1335296
355552897 3670 492800 1335296
355605541 3670 488656 1335296
355658051 3670 484512 1335296
355710606 3670 480368 1335296
355763186 3670 476224 1335296
355815681 3670 472080 1335296
355868181 3670 467936 1335296
355920678 3670 463792 1335296
355973309 3670 459648 1335296
356029136 3670 455504 1335296
356081682 3670 451360 1335296
356134167 3670 447216 1335296
356186683 3670 443072 1335296
356239168 3670 438928 1335296
356291670 3670 434784 1335296
356344166 3670 430640 1335296
356396650 3670 426496 1335296
356449131 3670 422352 1335296
356501605 3670 418208 1335296
356554549 3670 414064 1335296
356607389 3670 409920 1335296
356659892 3670 405776 1335296
356712373 3670 401632 1335296
356764872 3670 397488 1335296
356817371 3670 393344 1335296
356869875 3670 389200 1335296
356922350 3670 385056 1335296
356974819 3670 380912 1335296
357027284 3670 376768 1335296
357079829 3670 372624 1335296
357132295 3670 368480 1335296
357184762 3670 364336 1335296
357237228 3670 360192 1335296
357289707 3670 356048 1335296
357342191 3670 351904 1335296
357394719 3670 347760 1335296
357447209 3670 343616 1335296
357499676 3670 339472 1335296
357552495 3670 335328 1335296
357604978 3670 331184 1335296
357657482 3670 327040 1335296
357709988 3670 322896 1335296
357762486 3670 318752 1335296
357815062 3670 314608 1335296
357867563 3670 310464 1335296
357920064 3670 306320 1335296
357972530 3670 302176 1335296
358025010 3670 298032 1335296
358077499 3670 293888 1335296
358129997 3670 289744 1335296
358182493 3670 285600 1335296
358234960 3670 281456 1335296
358287443 3670 277312 1335296
358339931 3670 273168 1335296
358392396 3670 269024 1335296
358444924 3670 264880 1335296
358497407 3670 260736 1335296
358549877 3670 256592 1335296
358608870 3670 252448 1335296
358661671 3670 248304 1335296
358714228 3670 244160 1335296
358766745 3670 240016 1335296
358819258 3670 235872 1335296
358871725 3670 231728 1335296
358924188 3670 227584 1335296
358976768 3670 223440 1335296
359029279 3670 219296 1335296
359081773 3670 215152 1335296
359134254 3670 211008 1335296
359186716 3670 206864 1335296
359239254 3670 202720 1335296
359291725 3670 198576 1335296
359344223 3670 194432 1335296
359396709 3670 190288 1335296
359449182 3670 186144 1335296
359501639 3670 182000 1335296
359554430 3670 177856 1335296
359606926 3670 173712 1335296
359659406 3670 169568 1335296
359711881 3670 165424 1335296
359764390 3670 161280 1335296
359816903 3670 157136 1335296
359869406 3670 152992 1335296
359921891 3670 148848 1335296
359974368 3670 144704 1335296
360026881 3670 140560 1335296
360079381 3670 136416 1335296
360131890 3670 132272 1335296
360184403 3670 128128 1335296
360236898 3670 123984 1335296
360289427 3670 119840 1335296
360341922 3670 115696 1335296
360394382 3670 111552 1335296
360446852 3670 107408 1335296
360499384 3670 103264 1335296
360552174 3670 99120 1335296
360604689 3670 94976 1335296
360657170 3670 90832 1335296
360709705 3670 86688 1335296
360762211 3670 82544 1335296
360814691 3670 78400 1335296
360867238 3670 74256 1335296
360919763 3670 70112 1335296
360972248 3670 65968 1335296
361024725 3670 61824 1335296
361077248 3670 57680 1335296
361129748 3670 53536 1335296
361182246 3670 49392 1335296
361234739 3670 45248 1335296
361287206 3670 41104 1335296
361339676 3670 36960 1335296
361392247 3670 32816 1335296
361444720 3670 28672 1335296
361497193 3670 24528 1335296
361549667 3670 20384 1335296
361607514 3670 16240 1335296
361660128 3670 12096 1335296
361712601 3670 7952 1335296
361765071 3670 3808 1335296
361817604 3670 384 1335296
361818673 1622 384 1335296
361830439 1582 384 1335296
361830792 1534 384 1335296
361835734 1534 384 1335296
361836467 1534 384 1335296
361837145 1534 384 1335296
361837690 1534 384 1335296
361838402 1534 384 1335296
361838990 1534 384 1335296
361839295 1534 384 1335296
361915661 1534 384 1339392
361920245 1534 384 1343488
361923831 1534 384 1347584
361943328 1534 384 1351680
361947382 1534 384 1347584
381747123 1534 384 1351680
381772314 1534 384 1347584
381772869 1534 384 1343488
381848373 1534 384 1347584
381873128 1534 384 1343488
381873562 1534 384 1339392
381938751 1534 384 1343488
381956084 1534 384 1339392
381956469 1534 384 1335296
381956806 1534 384 1331200
381961676 1534 384 1327104
381997858 1534 384 1331200
382042756 1534 384 1335296
382075425 1534 384 1339392
382128396 1534 384 1335296
382128651 1534 384 1331200
382128823 1534 384 1327104
382128975 1534 384 1323008
382137383 1534 384 1318912
382137588 1534 384 1314816
382137765 1534 384 1310720
382137919 1534 384 1306624
382138073 1534 384 1302528
382138225 1534 384 1298432
382138377 1534 384 1294336
382138544 1534 384 1290240
382138695 1534 384 1286144
382138843 1534 384 1282048
382138999 1534 384 1277952
382139151 1534 384 1273856
382139306 1534 384 1269760
382139459 1534 384 1265664
382139613 1534 384 1261568
382139762 1534 384 1257472
382139916 1534 384 1253376
382140065 1534 384 1249280
382140218 1534 384 1245184
382140368 1534 384 1241088
382140539 1534 384 1236992
382140688 1534 384 1232896
382140842 1534 384 1228800
382140994 1534 384 1224704
382141146 1534 384 1220608
382141295 1534 384 1216512
382141447 1534 384 1212416
382141600 1534 384 1208320
382141750 1534 384 1204224
382141900 1534 384 1200128
382142050 1534 384 1196032
382142222 1534 384 1191936
382142372 1534 384 1187840
382142598 1534 384 1183744
382142744 1534 384 1179648
382142891 1534 384 1175552
382143044 1534 384 1171456
382143195 1534 384 1167360
382143346 1534 384 1163264
382143495 1534 384 1159168
382143646 1534 384 1155072
382143796 1534 384 1150976
382143947 1534 384 1146880
382144098 1534 384 1142784
382144250 1534 384 1138688
382144400 1534 384 1134592
382144615 1534 384 1130496
382144768 1534 384 1126400
382144917 1534 384 1122304
382145092 1534 384 1118208
382145242 1534 384 1114112
382145455 1534 384 1110016
382145603 1534 384 1105920
382145754 1534 384 1101824
382145906 1534 384 1097728
382146081 1534 384 1093632
382146234 1534 384 1089536
382146384 1534 384 1085440
382146535 1534 384 1081344
382146687 1534 384 1077248
382146836 1534 384 1073152
382146984 1534 384 1069056
382166458 1534 384 1064960
382166705 1534 384 1060864
382166872 1534 384 1056768
382167033 1534 384 1052672
382167331 1534 384 1048576
382167489 1534 384 1044480
382167642 1534 384 1040384
382167814 1534 384 1036288
382167970 1534 384 1032192
382168129 1534 384 1028096
382168280 1534 384 1024000
382168426 1534 384 1019904
382168577 1534 384 1015808
382168777 1534 384 1011712
382168921 1534 384 1007616
382169069 1534 384 1003520
382169267 1534 384 999424
382169419 1534 384 995328
382169587 1534 384 991232
382169738 1534 384 987136
382169885 1534 384 983040
382170037 1534 384 978944
382170186 1534 384 974848
382170483 1534 384 970752
382170635 1534 384 966656
382170781 1534 384 962560
382170930 1534 384 958464
382171076 1534 384 954368
382171226 1534 384 950272
382171371 1534 384 946176
382171517 1534 384 942080
382171672 1534 384 937984
382171828 1534 384 933888
382171981 1534 384 929792
382172133 1534 384 925696
382172285 1534 384 921600
382172430 1534 384 917504
382172572 1534 384 913408
382172716 1534 384 909312
382172857 1534 384 905216
382173005 1534 384 901120
382173149 1534 384 897024
382173295 1534 384 892928
382173438 1534 384 888832
382173586 1534 384 884736
382173728 1534 384 880640
382173876 1534 384 876544
382174020 1534 384 872448
382174166 1534 384 868352
382174311 1534 384 864256
382174455 1534 384 860160
382174598 1534 384 856064
382174744 1534 384 851968
382174911 1534 384 847872
382175056 1534 384 843776
382175200 1534 384 839680
382175350 1534 384 835584
382175497 1534 384 831488
382175647 1534 384 827392
382175792 1534 384 823296
382176074 1534 384 819200
382176219 1534 384 815104
382176368 1534 384 811008
382176537 1534 384 806912
382176688 1534 384 802816
382176833 1534 384 798720
382176984 1534 384 794624
382177130 1534 384 790528
382177281 1534 384 786432
382177426 1534 384 782336
382177573 1534 384 778240
382180962 1534 384 774144
382181125 1534 384 770048
382181280 1534 384 765952
382181430 1534 384 761856
382181576 1534 384 757760
382181725 1534 384 753664
382181872 1534 384 749568
382182020 1534 384 745472
382182165 1534 384 741376
382182313 1534 384 737280
382182457 1534 384 733184
382182602 1534 384 729088
382182744 1534 384 724992
382182892 1534 384 720896
382183036 1534 384 716800
382183183 1534 384 712704
382183325 1534 384 708608
382183467 1534 384 704512
382183610 1534 384 700416
382183756 1534 384 696320
382183901 1534 384 692224
382184052 1534 384 688128
382184219 1534 384 684032
382184370 1534 384 679936
382184514 1534 384 675840
382184665 1534 384 671744
382184811 1534 384 667648
382184959 1534 384 663552
382185104 1534 384 659456
382185276 1534 384 655360
382185556 1534 384 651264
382189516 1534 384 647168
382189673 1534 384 643072
382189825 1534 384 638976
382190001 1534 384 634880
382190153 1534 384 630784
382190305 1534 384 626688
382190452 1534 384 622592
382190598 1534 384 618496
382190743 1534 384 614400
382190911 1534 384 610304
382191058 1534 384 606208
382191206 1534 384 602112
382191357 1534 384 598016
382191505 1534 384 593920
382191654 1534 384 589824
382191801 1534 384 585728
382191950 1534 384 581632
382192097 1534 384 577536
382192249 1534 384 573440
382192397 1534 384 569344
382192546 1534 384 565248
382192694 1534 384 561152
382192843 1534 384 557056
382193016 1534 384 552960
382193164 1534 384 548864
382193312 1534 384 544768
382193463 1534 384 540672
382193611 1534 384 536576
382193761 1534 384 532480
382193910 1534 384 528384
382194060 1534 384 524288
382196070 1534 384 520192
382196230 1534 384 516096
382196388 1534 384 512000
382196543 1534 384 507904
382196693 1534 384 503808
382196844 1534 384 499712
382197018 1534 384 495616
382197165 1534 384 491520
382197311 1534 384 487424
382197462 1534 384 483328
382197629 1534 384 479232
382197783 1534 384 475136
382197929 1534 384 471040
382198084 1534 384 466944
382198233 1534 384 462848
382198387 1534 384 458752
382198533 1534 384 454656
382198683 1534 384 450560
382198833 1534 384 446464
382198991 1534 384 442368
382199138 1534 384 438272
382199288 1534 384 434176
382199433 1534 384 430080
382199583 1534 384 425984
382199727 1534 384 421888
382199879 1534 384 417792
382200022 1534 384 413696
382200169 1534 384 409600
382200313 1534 384 405504
382200461 1534 384 401408
382200604 1534 384 397312
382201934 1534 384 393216
382202096 1534 384 389120
382202274 1534 384 385024
382202426 1534 384 380928
382202576 1534 384 376832
382202724 1534 384 372736
382202872 1534 384 368640
382203025 1534 384 364544
382203180 1534 384 360448
382203326 1534 384 356352
382203477 1534 384 352256
382203622 1534 384 348160
382203772 1534 384 344064
382203922 1534 384 339968
382204072 1534 384 335872
382204220 1534 384 331776
382204372 1534 384 327680
382204517 1534 384 323584
382204666 1534 384 319488
382204808 1534 384 315392
382204956 1534 384 311296
382205169 1534 384 307200
382205317 1534 384 303104
382205462 1534 384 299008
382205612 1534 384 294912
382205760 1534 384 290816
382205908 1534 384 286720
382206054 1534 384 282624
382206206 1534 384 278528
382206354 1534 384 274432
382206505 1534 384 270336
382207719 1534 384 266240
382207887 1534 384 262144
382208066 1534 384 258048
382208229 1534 384 253952
382208379 1534 384 249856
382208531 1534 384 245760
382208686 1534 384 241664
382208830 1534 384 237568
382208981 1534 384 233472
382209127 1534 384 229376
382209278 1534 384 225280
382209423 1534 384 221184
382209571 1534 384 217088
382209719 1534 384 212992
382209863 1534 384 208896
382210008 1534 384 204800
382210157 1534 384 200704
382210300 1534 384 196608
382210448 1534 384 192512
382210616 1534 384 188416
382210763 1534 384 184320
382210909 1534 384 180224
382211061 1534 384 176128
382211208 1534 384 172032
382211356 1534 384 167936
382211502 1534 384 163840
382211650 1534 384 159744
382211798 1534 384 155648
382211947 1534 384 151552
382212093 1534 384 147456
382212238 1534 384 143360
382213497 1534 384 139264
382213659 1534 384 135168
382213815 1534 384 131072
382213969 1534 384 126976
382214122 1534 384 122880
382214270 1534 384 118784
382214419 1534 384 114688
382214567 1534 384 110592
382214717 1534 384 106496
382214862 1534 384 102400
382215010 1534 384 98304
382215153 1534 384 94208
382215301 1534 384 90112
382215470 1534 384 86016
382215618 1534 384 81920
382215764 1534 384 77824
382215915 1534 384 73728
382216062 1534 384 69632
382216212 1534 384 65536
382216359 1534 384 61440
382216510 1534 384 57344
382216655 1534 384 53248
382216805 1534 384 49152
382216952 1534 384 45056
382217100 1534 384 40960
382217246 1534 384 36864
382217403 1534 384 32768
382217574 1534 384 28672
382217721 1534 384 24576
382217869 1534 384 20480
382218019 1534 384 16384
382219541 1534 384 12288
382219706 1534 384 8192
382219905 1534 384 4096
