ts heap stack kmem
351714551 1622 384 839680
351717070 2822 384 839680
351718564 2822 352 839680
351728916 2822 352 843776
351732346 1051398 352 843776
351732824 1051398 320 843776
351793977 1051398 320 847872
351795966 1051398 320 851968
351796597 2099974 320 851968
351797046 2099974 320 851968
351851563 2099974 320 856064
351852158 3148550 320 856064
351852523 3148550 320 856064
351906530 3148550 320 860160
351907174 3148550 320 864256
351907750 4197126 320 864256
351908124 4197126 320 864256
351961957 4197126 320 868352
351962529 5245702 320 868352
351962883 5245702 320 868352
352016680 5245702 320 872448
352017229 5245702 320 876544
352017794 6294278 320 876544
352018163 6294278 320 876544
352072051 6294278 320 880640
352072614 7342854 320 880640
352072960 7342854 320 880640
352127529 7342854 320 884736
352128280 7342854 320 888832
352128923 8391430 320 888832
352129306 8391430 320 888832
352183576 8391430 320 892928
352184210 8391430 320 897024
352185181 9440006 320 897024
352185566 9440006 320 897024
352239373 9440006 320 901120
352239937 10488582 320 901120
352240292 10488582 320 901120
352294179 10488582 320 905216
352294718 10488582 320 909312
352295252 11537158 320 909312
352295615 11537158 320 909312
352349556 11537158 320 913408
352351411 12585734 320 913408
352351798 12585734 320 913408
352405731 12585734 320 917504
352406277 12585734 320 921600
352406794 13634310 320 921600
352407156 13634310 320 921600
352460971 13634310 320 925696
352463277 14682886 320 925696
352463643 14682886 320 925696
352518875 14682886 320 929792
352519542 14682886 320 933888
352520064 15731462 320 933888
352520461 15731462 320 933888
352574597 15731462 320 937984
352575155 16780038 320 937984
352575512 16780038 320 937984
352629280 16780038 320 942080
352629811 16780038 320 946176
352630343 17828614 320 946176
352630724 17828614 320 946176
352684574 17828614 320 950272
352685136 18877190 320 950272
352685507 18877190 320 950272
352739289 18877190 320 954368
352739898 18877190 320 958464
352740432 19925766 320 958464
352740820 19925766 320 958464
352794713 19925766 320 962560
352795258 20974342 320 962560
352795614 20974342 320 962560
352849501 20974342 320 966656
352850042 20974342 320 970752
352850563 22022918 320 970752
352850943 22022918 320 970752
352904748 22022918 320 974848
352905307 23071494 320 974848
352905674 23071494 320 974848
352959502 23071494 320 978944
352960055 23071494 320 983040
352960895 24120070 320 983040
352961275 24120070 320 983040
353015191 24120070 320 987136
353015773 25168646 320 987136
353016131 25168646 320 987136
353070169 25168646 320 991232
353070709 25168646 320 995328
353071249 26217222 320 995328
353071640 26217222 320 995328
353125582 26217222 320 999424
353126145 27265798 320 999424
353126507 27265798 320 999424
353180324 27265798 320 1003520
353180949 27265798 320 1007616
353181476 28314374 320 1007616
353181866 28314374 320 1007616
353235663 28314374 320 1011712
353236990 29362950 320 1011712
353237365 29362950 320 1011712
353291225 29362950 320 1015808
353291777 29362950 320 1019904
353292292 30411526 320 1019904
353292691 30411526 320 1019904
353346595 30411526 320 1024000
353347148 31460102 320 1024000
353347509 31460102 320 1024000
353401459 31460102 320 1028096
353402187 31460102 320 1032192
353402716 32508678 320 1032192
353403100 32508678 320 1032192
353456940 32508678 320 1036288
353457510 33557254 320 1036288
353457883 33557254 320 1036288
353511947 33557254 320 1040384
353512497 33557254 320 1044480
353513032 34605830 320 1044480
353513421 34605830 320 1044480
353567100 34605830 320 1048576
353567674 35654406 320 1048576
353568048 35654406 320 1048576
353621762 35654406 320 1052672
353622326 35654406 320 1056768
353622857 36702982 320 1056768
353623261 36702982 320 1056768
353677027 36702982 320 1060864
353677587 37751558 320 1060864
353677954 37751558 320 1060864
353731749 37751558 320 1064960
353732304 37751558 320 1069056
353732841 38800134 320 1069056
353733231 38800134 320 1069056
353786900 38800134 320 1073152
353787459 39848710 320 1073152
353787827 39848710 320 1073152
353841545 39848710 320 1077248
353842086 39848710 320 1081344
353842617 40897286 320 1081344
353843002 40897286 320 1081344
353896710 40897286 320 1085440
353897265 41945862 320 1085440
353897629 41945862 320 1085440
353951415 41945862 320 1089536
353951962 41945862 320 1093632
353952504 42994438 320 1093632
353952891 42994438 320 1093632
354006630 42994438 320 1097728
354007983 44043014 320 1097728
354008348 44043014 320 1097728
354062091 44043014 320 1101824
354068401 44043014 320 1105920
354084502 45091590 320 1105920
354085118 45091590 320 1105920
354139972 45091590 320 1110016
354140674 46140166 320 1110016
354141074 46140166 320 1110016
354218432 46140166 320 1114112
354219191 46140166 320 1118208
354219983 47188742 320 1118208
354220547 47188742 320 1118208
354274976 47188742 320 1122304
354275544 48237318 320 1122304
354275934 48237318 320 1122304
354329902 48237318 320 1126400
354330490 48237318 320 1130496
354331015 49285894 320 1130496
354331425 49285894 320 1130496
354385292 49285894 320 1134592
354385842 50334470 320 1134592
354386225 50334470 320 1134592
354447418 50334470 320 1138688
354448029 50334470 320 1142784
354448755 51383046 320 1142784
354449239 51383046 320 1142784
354504035 51383046 320 1146880
354504619 52431622 320 1146880
354504999 52431622 320 1146880
354558959 52431622 320 1150976
354559511 52431622 320 1155072
354560032 53480198 320 1155072
354560426 53480198 320 1155072
354614227 53480198 320 1159168
354614918 54528774 320 1159168
354615301 54528774 320 1159168
354691262 54528774 320 1163264
354692497 54528774 320 1167360
354697809 55577350 320 1167360
354701583 55577350 320 1171456
354708701 55577350 320 1171456
354765723 55577350 320 1175552
354766528 56625926 320 1175552
354767160 56625926 320 1175552
354821080 56625926 320 1179648
354821879 56625926 320 1183744
354822473 57674502 320 1183744
354822907 57674502 320 1183744
354877208 57674502 320 1187840
354877868 58723078 320 1187840
354878322 58723078 320 1187840
354932474 58723078 320 1191936
354933051 58723078 320 1196032
354933595 59771654 320 1196032
354933995 59771654 320 1196032
354987904 59771654 320 1200128
354992510 60820230 320 1200128
354992945 60820230 320 1200128
355046990 60820230 320 1204224
355047557 60820230 320 1208320
355048076 61868806 320 1208320
355048477 61868806 320 1208320
355102330 61868806 320 1212416
355102913 62917382 320 1212416
355103266 62917382 320 1212416
355179766 62917382 320 1216512
355181078 62917382 320 1220608
355183079 63965958 320 1220608
355184780 63965958 320 1220608
355241536 63965958 320 1224704
355242255 65014534 320 1224704
355242729 65014534 320 1224704
355296909 65014534 320 1228800
355297458 65014534 320 1232896
355298033 66063110 320 1232896
355298425 66063110 320 1232896
355352933 66063110 320 1236992
355353692 67111686 320 1236992
355354145 67111686 320 1236992
355408183 67111686 320 1241088
355408734 67111686 320 1245184
355409287 68160262 320 1245184
355409676 68160262 320 1245184
355463670 68160262 320 1249280
355464219 68160262 320 1253376
355464753 69208838 320 1253376
355465122 69208838 320 1253376
355519379 69208838 320 1257472
355520022 70257414 320 1257472
355520393 70257414 320 1257472
355574376 70257414 320 1261568
355574921 70257414 320 1265664
355575449 71305990 320 1265664
355575833 71305990 320 1265664
355629759 71305990 320 1269760
355630331 72354566 320 1269760
355630689 72354566 320 1269760
355684398 72354566 320 1273856
355685012 72354566 320 1277952
355685581 73403142 320 1277952
355685986 73403142 320 1277952
355741330 73403142 320 1282048
355741887 74451718 320 1282048
355742245 74451718 320 1282048
355796096 74451718 320 1286144
355796796 74451718 320 1290240
355797339 75500294 320 1290240
355797716 75500294 320 1290240
355851450 75500294 320 1294336
355852070 76548870 320 1294336
355852445 76548870 320 1294336
355906318 76548870 320 1298432
355906881 76548870 320 1302528
355907420 77597446 320 1302528
355907814 77597446 320 1302528
355961681 77597446 320 1306624
355962229 78646022 320 1306624
355962594 78646022 320 1306624
356017090 78646022 320 1310720
356017646 78646022 320 1314816
356018235 79694598 320 1314816
356018633 79694598 320 1314816
356072420 79694598 320 1318912
356072970 80743174 320 1318912
356073324 80743174 320 1318912
356127217 80743174 320 1323008
356129419 80743174 320 1327104
356129950 81791750 320 1327104
356130362 81791750 320 1327104
356184226 81791750 320 1331200
356184831 82840326 320 1331200
356185196 82840326 320 1331200
356239492 82840326 320 1335296
356240027 82840326 320 1339392
356240559 83888902 320 1339392
356240949 83888902 320 1339392
356294764 83888902 320 1343488
356295340 84937478 320 1343488
356295699 84937478 320 1343488
356349657 84937478 320 1347584
356350148 84937478 320 1351680
356350720 85986054 320 1351680
356351118 85986054 320 1351680
356404938 85986054 320 1355776
356405491 87034630 320 1355776
356405840 87034630 320 1355776
356459587 87034630 320 1359872
356460081 87034630 320 1363968
356460640 88083206 320 1363968
356461019 88083206 320 1363968
356515781 88083206 320 1368064
356516351 89131782 320 1368064
356516696 89131782 320 1368064
356570702 89131782 320 1372160
356571272 89131782 320 1376256
356571804 90180358 320 1376256
356572183 90180358 320 1376256
356626047 90180358 320 1380352
356626696 91228934 320 1380352
356627065 91228934 320 1380352
356680925 91228934 320 1384448
356681406 91228934 320 1388544
356681925 92277510 320 1388544
356682299 92277510 320 1388544
356736102 92277510 320 1392640
356736647 93326086 320 1392640
356737002 93326086 320 1392640
356790944 93326086 320 1396736
356791433 93326086 320 1400832
356792015 94374662 320 1400832
356792426 94374662 320 1400832
356846386 94374662 320 1404928
356846940 95423238 320 1404928
356847297 95423238 320 1404928
356922613 95423238 320 1409024
356923999 95423238 320 1413120
356925924 96471814 320 1413120
356927551 96471814 320 1413120
356983990 96471814 320 1417216
356984738 97520390 320 1417216
356985263 97520390 320 1417216
357039302 97520390 320 1421312
357039903 97520390 320 1425408
357040491 98568966 320 1425408
357040908 98568966 320 1425408
357094987 98568966 320 1429504
357095682 99617542 320 1429504
357096137 99617542 320 1429504
357149959 99617542 320 1433600
357150562 99617542 320 1437696
357151105 100666118 320 1437696
357151512 100666118 320 1437696
357205134 100666118 320 1441792
357205710 101714694 320 1441792
357206072 101714694 320 1441792
357259732 101714694 320 1445888
357260285 101714694 320 1449984
357260878 102763270 320 1449984
357261308 102763270 320 1449984
357314913 102763270 320 1454080
357315467 103811846 320 1454080
357315851 103811846 320 1454080
357369558 103811846 320 1458176
357370064 103811846 320 1462272
357370595 104860422 320 1462272
357370992 104860422 320 1462272
357424808 104860422 320 1466368
357425383 105908998 320 1466368
357425755 105908998 320 1466368
357479472 105908998 320 1470464
357480032 105908998 320 1474560
357480563 106957574 320 1474560
357480966 106957574 320 1474560
357510757 106957574 320 1478656
357511686 108006150 320 1478656
357512134 108006150 320 1478656
357572601 108006150 320 1482752
357573549 108006150 320 1486848
357575338 109054726 320 1486848
357576580 109054726 320 1486848
357632389 109054726 320 1490944
357633049 110103302 320 1490944
357633476 110103302 320 1490944
357687403 110103302 320 1495040
357688007 110103302 320 1499136
357688557 111151878 320 1499136
357689001 111151878 320 1499136
357744183 111151878 320 1503232
357745084 112200454 320 1503232
357745678 112200454 320 1503232
357799727 112200454 320 1507328
357800357 112200454 320 1511424
357801039 113249030 320 1511424
357801493 113249030 320 1511424
357855432 113249030 320 1515520
357856010 114297606 320 1515520
357856385 114297606 320 1515520
357910791 114297606 320 1519616
357911463 114297606 320 1523712
357912170 115346182 320 1523712
357912710 115346182 320 1523712
357966774 115346182 320 1527808
357967348 116394758 320 1527808
357969514 116394758 320 1527808
357985490 116394758 320 1531904
358046979 116394758 320 1536000
358047604 116394758 320 1540096
358048201 117443334 320 1540096
358048677 117443334 320 1540096
358103049 117443334 320 1544192
358103621 118491910 320 1544192
358103996 118491910 320 1544192
358157911 118491910 320 1548288
358158464 118491910 320 1552384
358158992 119540486 320 1552384
358159375 119540486 320 1552384
358213471 119540486 320 1556480
358214041 120589062 320 1556480
358218391 120589062 320 1556480
358272481 120589062 320 1560576
358273011 120589062 320 1564672
358273579 121637638 320 1564672
358273988 121637638 320 1564672
358327878 121637638 320 1568768
358328422 122686214 320 1568768
358328783 122686214 320 1568768
358382736 122686214 320 1572864
358383280 122686214 320 1576960
358383810 123734790 320 1576960
358384211 123734790 320 1576960
358438130 123734790 320 1581056
358438850 124783366 320 1581056
358439215 124783366 320 1581056
358493084 124783366 320 1585152
358493622 124783366 320 1589248
358494159 125831942 320 1589248
358494563 125831942 320 1589248
358548493 125831942 320 1593344
358549064 126880518 320 1593344
358549444 126880518 320 1593344
358603531 126880518 320 1597440
358604069 126880518 320 1601536
358604583 127929094 320 1601536
358604955 127929094 320 1601536
358658854 127929094 320 1605632
358659414 128977670 320 1605632
358659760 128977670 320 1605632
358713846 128977670 320 1609728
358714395 128977670 320 1613824
358715006 130026246 320 1613824
358715398 130026246 320 1613824
358769342 130026246 320 1617920
358769917 131074822 320 1617920
358770261 131074822 320 1617920
358824128 131074822 320 1622016
358824699 131074822 320 1626112
358825225 132123398 320 1626112
358825599 132123398 320 1626112
358879525 132123398 320 1630208
358880100 133171974 320 1630208
358880466 133171974 320 1630208
358934382 133171974 320 1634304
358934932 133171974 320 1638400
358935458 134220550 320 1638400
358935846 134220550 320 1638400
358989704 134220550 320 1642496
358990253 135269126 320 1642496
358990596 135269126 320 1642496
359044764 135269126 320 1646592
359045312 135269126 320 1650688
359045850 136317702 320 1650688
359046262 136317702 320 1650688
359100208 136317702 320 1654784
359100762 137366278 320 1654784
359101105 137366278 320 1654784
359155021 137366278 320 1658880
359155546 137366278 320 1662976
359156202 138414854 320 1662976
359156608 138414854 320 1662976
359210608 138414854 320 1667072
359211194 139463430 320 1667072
359211572 139463430 320 1667072
359265517 139463430 320 1671168
359266057 139463430 320 1675264
359266584 140512006 320 1675264
359266960 140512006 320 1675264
359320829 140512006 320 1679360
359321382 141560582 320 1679360
359321725 141560582 320 1679360
359375685 141560582 320 1683456
359376220 141560582 320 1687552
359376771 142609158 320 1687552
359377178 142609158 320 1687552
359431080 142609158 320 1691648
359431893 143657734 320 1691648
359440652 143657734 320 1695744
359444890 143657734 320 1695744
359511614 143657734 320 1699840
359512512 143657734 320 1703936
359513995 144706310 320 1703936
359514909 144706310 320 1703936
359570309 144706310 320 1708032
359571193 145754886 320 1708032
359571685 145754886 320 1708032
359625887 145754886 320 1712128
359626549 145754886 320 1716224
359627121 146803462 320 1716224
359627550 146803462 320 1716224
359682091 146803462 320 1720320
359682851 147852038 320 1720320
359683393 147852038 320 1720320
359737475 147852038 320 1724416
359738084 147852038 320 1728512
359738626 148900614 320 1728512
359739053 148900614 320 1728512
359793056 148900614 320 1732608
359793607 149949190 320 1732608
359793998 149949190 320 1732608
359848391 149949190 320 1736704
359849028 149949190 320 1740800
359849669 150997766 320 1740800
359850189 150997766 320 1740800
359904253 150997766 320 1744896
359904821 152046342 320 1744896
359905218 152046342 320 1744896
359964113 152046342 320 1748992
359964751 152046342 320 1753088
359965393 153094918 320 1753088
359965926 153094918 320 1753088
360020104 153094918 320 1757184
360020715 154143494 320 1757184
360021119 154143494 320 1757184
360075102 154143494 320 1761280
360075593 154143494 320 1765376
360076113 155192070 320 1765376
360076533 155192070 320 1765376
360150980 155192070 320 1769472
360153371 156240646 320 1769472
360154662 156240646 320 1769472
360212241 156240646 320 1773568
360213036 156240646 320 1777664
360213886 157289222 320 1777664
360214403 157289222 320 1777664
360268773 156240646 320 1777664
360279148 156240646 320 1773568
360279961 156240646 320 1773568
360332989 155192070 320 1773568
360335692 155192070 320 1769472
360336271 155192070 320 1769472
360388883 154143494 320 1769472
360390603 154143494 320 1765376
360391045 154143494 320 1765376
360443761 153094918 320 1765376
360445838 153094918 320 1761280
360446085 153094918 320 1757184
360447060 153094918 320 1757184
360499724 152046342 320 1757184
360511016 152046342 320 1753088
360511713 152046342 320 1753088
360564570 150997766 320 1753088
360566317 150997766 320 1748992
360566583 150997766 320 1744896
360567468 150997766 320 1744896
360620089 149949190 320 1744896
360621923 149949190 320 1740800
360622118 149949190 320 1736704
360622943 149949190 320 1736704
360675526 148900614 320 1736704
360677271 148900614 320 1732608
360677717 148900614 320 1732608
360730246 147852038 320 1732608
360731952 147852038 320 1728512
360732363 147852038 320 1728512
360784903 146803462 320 1728512
360786490 146803462 320 1724416
360786912 146803462 320 1724416
360839450 145754886 320 1724416
360841096 145754886 320 1720320
360841296 145754886 320 1716224
360842053 145754886 320 1716224
360894676 144706310 320 1716224
360896180 144706310 320 1712128
360896591 144706310 320 1712128
360949127 143657734 320 1712128
360950746 143657734 320 1708032
360950943 143657734 320 1703936
360951677 143657734 320 1703936
361004479 142609158 320 1703936
361006000 142609158 320 1699840
361006414 142609158 320 1699840
361058993 141560582 320 1699840
361060645 141560582 320 1695744
361060849 141560582 320 1691648
361061592 141560582 320 1691648
361114170 140512006 320 1691648
361115767 140512006 320 1687552
361117044 140512006 320 1687552
361169622 139463430 320 1687552
361171286 139463430 320 1683456
361171498 139463430 320 1679360
361172242 139463430 320 1679360
361224852 138414854 320 1679360
361226341 138414854 320 1675264
361226767 138414854 320 1675264
361279300 137366278 320 1675264
361280882 137366278 320 1671168
361281077 137366278 320 1667072
361281819 137366278 320 1667072
361334462 136317702 320 1667072
361335988 136317702 320 1662976
361336394 136317702 320 1662976
361388997 135269126 320 1662976
361390713 135269126 320 1658880
361390923 135269126 320 1654784
361391649 135269126 320 1654784
361444246 134220550 320 1654784
361445758 134220550 320 1650688
361446181 134220550 320 1650688
361498807 133171974 320 1650688
361506047 133171974 320 1646592
361506307 133171974 320 1642496
361507351 133171974 320 1642496
361560111 132123398 320 1642496
361561875 132123398 320 1638400
361562295 132123398 320 1638400
361614738 131074822 320 1638400
361616357 131074822 320 1634304
361616555 131074822 320 1630208
361617317 131074822 320 1630208
361669795 130026246 320 1630208
361671311 130026246 320 1626112
361671727 130026246 320 1626112
361726169 128977670 320 1626112
361727872 128977670 320 1622016
361728111 128977670 320 1617920
361728844 128977670 320 1617920
361781583 127929094 320 1617920
361783065 127929094 320 1613824
361783478 127929094 320 1613824
361836093 126880518 320 1613824
361837736 126880518 320 1609728
361837937 126880518 320 1605632
361838730 126880518 320 1605632
361891364 125831942 320 1605632
361892871 125831942 320 1601536
361893283 125831942 320 1601536
361945852 124783366 320 1601536
361947457 124783366 320 1597440
361947655 124783366 320 1593344
361948495 124783366 320 1593344
362001130 123734790 320 1593344
362002645 123734790 320 1589248
362003079 123734790 320 1589248
362055665 122686214 320 1589248
362057304 122686214 320 1585152
362057503 122686214 320 1581056
362058225 122686214 320 1581056
362110987 121637638 320 1581056
362112704 121637638 320 1576960
362113129 121637638 320 1576960
362165692 120589062 320 1576960
362167358 120589062 320 1572864
362167557 120589062 320 1568768
362168278 120589062 320 1568768
362220878 119540486 320 1568768
362222460 119540486 320 1564672
362222862 119540486 320 1564672
362275397 118491910 320 1564672
362277064 118491910 320 1560576
362277255 118491910 320 1556480
362277996 118491910 320 1556480
362330595 117443334 320 1556480
362332148 117443334 320 1552384
362332574 117443334 320 1552384
362385256 116394758 320 1552384
362386978 116394758 320 1548288
362387168 116394758 320 1544192
362387904 116394758 320 1544192
362440544 115346182 320 1544192
362442028 115346182 320 1540096
362442440 115346182 320 1540096
362494967 114297606 320 1540096
362496718 114297606 320 1536000
362496917 114297606 320 1531904
362497657 114297606 320 1531904
362550723 113249030 320 1531904
362552306 113249030 320 1527808
362552729 113249030 320 1527808
362605306 112200454 320 1527808
362606944 112200454 320 1523712
362607146 112200454 320 1519616
362607868 112200454 320 1519616
362660465 111151878 320 1519616
362661943 111151878 320 1515520
362662349 111151878 320 1515520
362714888 110103302 320 1515520
362716537 110103302 320 1511424
362716732 110103302 320 1507328
362717461 110103302 320 1507328
362770045 109054726 320 1507328
362771498 109054726 320 1503232
362771909 109054726 320 1503232
362824426 108006150 320 1503232
362826100 108006150 320 1499136
362826297 108006150 320 1495040
362827074 108006150 320 1495040
362879678 106957574 320 1495040
362881153 106957574 320 1490944
362881579 106957574 320 1490944
362934126 105908998 320 1490944
362935806 105908998 320 1486848
362936001 105908998 320 1482752
362936739 105908998 320 1482752
362989125 104860422 320 1482752
362990449 104860422 320 1478656
362990864 104860422 320 1478656
363043182 103811846 320 1478656
363044687 103811846 320 1474560
363044867 103811846 320 1470464
363045525 103811846 320 1470464
363097871 102763270 320 1470464
363099227 102763270 320 1466368
363099597 102763270 320 1466368
363151977 101714694 320 1466368
363153474 101714694 320 1462272
363153665 101714694 320 1458176
363154332 101714694 320 1458176
363206725 100666118 320 1458176
363208082 100666118 320 1454080
363208463 100666118 320 1454080
363260756 99617542 320 1454080
363262269 99617542 320 1449984
363262446 99617542 320 1445888
363263094 99617542 320 1445888
363315438 98568966 320 1445888
363316799 98568966 320 1441792
363317161 98568966 320 1441792
363369451 97520390 320 1441792
363371072 97520390 320 1437696
363371248 97520390 320 1433600
363371931 97520390 320 1433600
363424273 96471814 320 1433600
363425584 96471814 320 1429504
363425962 96471814 320 1429504
363478400 95423238 320 1429504
363479891 95423238 320 1425408
363480072 95423238 320 1421312
363480734 95423238 320 1421312
363533312 94374662 320 1421312
363534985 94374662 320 1417216
363535359 94374662 320 1417216
363587677 93326086 320 1417216
363589390 93326086 320 1413120
363589596 93326086 320 1409024
363590243 93326086 320 1409024
363642575 92277510 320 1409024
363643925 92277510 320 1404928
363644306 92277510 320 1404928
363696638 91228934 320 1404928
363698192 91228934 320 1400832
363698369 91228934 320 1396736
363699065 91228934 320 1396736
363755006 90180358 320 1396736
363761045 90180358 320 1392640
363762344 90180358 320 1392640
363816300 89131782 320 1392640
363818605 89131782 320 1388544
363818928 89131782 320 1384448
363819748 89131782 320 1384448
363882200 88083206 320 1384448
363885025 88083206 320 1380352
363885356 88083206 320 1376256
363885879 88083206 320 1376256
363938728 87034630 320 1376256
363940253 87034630 320 1372160
363940672 87034630 320 1372160
363993180 85986054 320 1372160
363995266 85986054 320 1368064
363995466 85986054 320 1363968
363995812 85986054 320 1363968
364048241 84937478 320 1363968
364049681 84937478 320 1359872
364050061 84937478 320 1359872
364102497 83888902 320 1359872
364104378 83888902 320 1355776
364104555 83888902 320 1351680
364104919 83888902 320 1351680
364157346 82840326 320 1351680
364158698 82840326 320 1347584
364159058 82840326 320 1347584
364211501 81791750 320 1347584
364213554 81791750 320 1343488
364213865 81791750 320 1339392
364214248 81791750 320 1339392
364266901 80743174 320 1339392
364268490 80743174 320 1335296
364268859 80743174 320 1335296
364321361 79694598 320 1335296
364323671 79694598 320 1331200
364323847 79694598 320 1327104
364324226 79694598 320 1327104
364377637 78646022 320 1327104
364379971 78646022 320 1323008
364380552 78646022 320 1323008
364433303 77597446 320 1323008
364436034 77597446 320 1318912
364436204 77597446 320 1314816
364436592 77597446 320 1314816
364489057 76548870 320 1314816
364490707 76548870 320 1310720
364491063 76548870 320 1310720
364543908 75500294 320 1310720
364546499 75500294 320 1306624
364546733 75500294 320 1302528
364547122 75500294 320 1302528
364599424 74451718 320 1302528
364601227 74451718 320 1298432
364601581 74451718 320 1298432
364653729 73403142 320 1298432
364656720 73403142 320 1294336
364656900 73403142 320 1290240
364657296 73403142 320 1290240
364709475 72354566 320 1290240
364710895 72354566 320 1286144
364711273 72354566 320 1286144
364763419 71305990 320 1286144
364766235 71305990 320 1282048
364766413 71305990 320 1277952
364766810 71305990 320 1277952
364818990 70257414 320 1277952
364820584 70257414 320 1273856
364820940 70257414 320 1273856
364873018 69208838 320 1273856
364875945 69208838 320 1269760
364876130 69208838 320 1265664
364876523 69208838 320 1265664
364928695 68160262 320 1265664
364930243 68160262 320 1261568
364930606 68160262 320 1261568
364982691 67111686 320 1261568
364985804 67111686 320 1257472
364985974 67111686 320 1253376
364986433 67111686 320 1253376
365038670 66063110 320 1253376
365040310 66063110 320 1249280
365040708 66063110 320 1249280
365093030 65014534 320 1249280
365096525 65014534 320 1245184
365096727 65014534 320 1241088
365097166 65014534 320 1241088
365149463 63965958 320 1241088
365151052 63965958 320 1236992
365151452 63965958 320 1236992
365203727 62917382 320 1236992
365207496 62917382 320 1232896
365207683 62917382 320 1228800
365208115 62917382 320 1228800
365260385 61868806 320 1228800
365262173 61868806 320 1224704
365262563 61868806 320 1224704
365314833 60820230 320 1224704
365318600 60820230 320 1220608
365318786 60820230 320 1216512
365319229 60820230 320 1216512
365371523 59771654 320 1216512
365373019 59771654 320 1212416
365373429 59771654 320 1212416
365425735 58723078 320 1212416
365429722 58723078 320 1208320
365429921 58723078 320 1204224
365430409 58723078 320 1204224
365482738 57674502 320 1204224
365484262 57674502 320 1200128
365484698 57674502 320 1200128
365504919 56625926 320 1200128
365509180 56625926 320 1196032
365509431 56625926 320 1191936
365510091 56625926 320 1191936
365563003 55577350 320 1191936
365564977 55577350 320 1187840
365565392 55577350 320 1187840
365617956 54528774 320 1187840
365619785 54528774 320 1183744
365619987 54528774 320 1179648
365620886 54528774 320 1179648
365673548 53480198 320 1179648
365675398 53480198 320 1175552
365675811 53480198 320 1175552
365728396 52431622 320 1175552
365730246 52431622 320 1171456
365730459 52431622 320 1167360
365731182 52431622 320 1167360
365783804 51383046 320 1167360
365785415 51383046 320 1163264
365785819 51383046 320 1163264
365838393 50334470 320 1163264
365840287 50334470 320 1159168
365840477 50334470 320 1155072
365841199 50334470 320 1155072
365893854 49285894 320 1155072
365895574 49285894 320 1150976
365895977 49285894 320 1150976
365948561 48237318 320 1150976
365950242 48237318 320 1146880
365950503 48237318 320 1142784
365951222 48237318 320 1142784
366004474 47188742 320 1142784
366006035 47188742 320 1138688
366006448 47188742 320 1138688
366059030 46140166 320 1138688
366060784 46140166 320 1134592
366060976 46140166 320 1130496
366061699 46140166 320 1130496
366114393 45091590 320 1130496
366115955 45091590 320 1126400
366116362 45091590 320 1126400
366168957 44043014 320 1126400
366170643 44043014 320 1122304
366170835 44043014 320 1118208
366171576 44043014 320 1118208
366224228 42994438 320 1118208
366225747 42994438 320 1114112
366226161 42994438 320 1114112
366278729 41945862 320 1114112
366280457 41945862 320 1110016
366280661 41945862 320 1105920
366281430 41945862 320 1105920
366334064 40897286 320 1105920
366335548 40897286 320 1101824
366335964 40897286 320 1101824
366388552 39848710 320 1101824
366390249 39848710 320 1097728
366390452 39848710 320 1093632
366391192 39848710 320 1093632
366443894 38800134 320 1093632
366445512 38800134 320 1089536
366445919 38800134 320 1089536
366498509 37751558 320 1089536
366502597 37751558 320 1085440
366502815 37751558 320 1081344
366506776 37751558 320 1081344
366559493 36702982 320 1081344
366561109 36702982 320 1077248
366561534 36702982 320 1077248
366613981 35654406 320 1077248
366615846 35654406 320 1073152
366616052 35654406 320 1069056
366616785 35654406 320 1069056
366669276 34605830 320 1069056
366671134 34605830 320 1064960
366671552 34605830 320 1064960
366723972 33557254 320 1064960
366725797 33557254 320 1060864
366725994 33557254 320 1056768
366726728 33557254 320 1056768
366779244 32508678 320 1056768
366780808 32508678 320 1052672
366781216 32508678 320 1052672
366833633 31460102 320 1052672
366835273 31460102 320 1048576
366835466 31460102 320 1044480
366836184 31460102 320 1044480
366888633 30411526 320 1044480
366890174 30411526 320 1040384
366890578 30411526 320 1040384
366942974 29362950 320 1040384
366944795 29362950 320 1036288
366944987 29362950 320 1032192
366945702 29362950 320 1032192
366998180 28314374 320 1032192
366999726 28314374 320 1028096
367000139 28314374 320 1028096
367052551 27265798 320 1028096
367054330 27265798 320 1024000
367054530 27265798 320 1019904
367055253 27265798 320 1019904
367109238 26217222 320 1019904
367111000 26217222 320 1015808
367111468 26217222 320 1015808
367164147 25168646 320 1015808
367166168 25168646 320 1011712
367166429 25168646 320 1007616
367167223 25168646 320 1007616
367219885 24120070 320 1007616
367221444 24120070 320 1003520
367221855 24120070 320 1003520
367274423 23071494 320 1003520
367276181 23071494 320 999424
367276513 23071494 320 995328
367278126 23071494 320 995328
367330755 22022918 320 995328
367332356 22022918 320 991232
367332775 22022918 320 991232
367385303 20974342 320 991232
367387104 20974342 320 987136
367387302 20974342 320 983040
367388022 20974342 320 983040
367440608 19925766 320 983040
367442162 19925766 320 978944
367442557 19925766 320 978944
367495056 18877190 320 978944
367496791 18877190 320 974848
367496977 18877190 320 970752
367498047 18877190 320 970752
367561837 17828614 320 970752
367563966 17828614 320 966656
367564526 17828614 320 966656
367617109 16780038 320 966656
367618988 16780038 320 962560
367619188 16780038 320 958464
367619987 16780038 320 958464
367672695 15731462 320 958464
367674319 15731462 320 954368
367677195 15731462 320 954368
367730628 14682886 320 954368
367733053 14682886 320 950272
367733324 14682886 320 946176
367734048 14682886 320 946176
367786794 13634310 320 946176
367788420 13634310 320 942080
367788843 13634310 320 942080
367841424 12585734 320 942080
367843167 12585734 320 937984
367843362 12585734 320 933888
367844089 12585734 320 933888
367896747 11537158 320 933888
367898308 11537158 320 929792
367898721 11537158 320 929792
367951296 10488582 320 929792
367952962 10488582 320 925696
367953159 10488582 320 921600
367953877 10488582 320 921600
368006499 9440006 320 921600
368008026 9440006 320 917504
368008424 9440006 320 917504
368060943 8391430 320 917504
368062704 8391430 320 913408
368062903 8391430 320 909312
368063654 8391430 320 909312
368116270 7342854 320 909312
368117771 7342854 320 905216
368118171 7342854 320 905216
368170855 6294278 320 905216
368172568 6294278 320 901120
368172760 6294278 320 897024
368173499 6294278 320 897024
368226141 5245702 320 897024
368227805 5245702 320 892928
368228198 5245702 320 892928
368280784 4197126 320 892928
368282422 4197126 320 888832
368282629 4197126 320 884736
368283350 4197126 320 884736
368335989 3148550 320 884736
368337625 3148550 320 880640
368338031 3148550 320 880640
368390583 2099974 320 880640
368392225 2099974 320 876544
368392432 2099974 320 872448
368393154 2099974 320 872448
368445741 1051398 320 872448
368447332 1051398 320 868352
368447793 1051398 320 868352
368500346 2822 320 868352
368505170 2822 320 864256
368505394 2822 320 860160
368505571 2822 320 856064
368506366 2822 320 856064
368559162 2822 352 856064
368564194 2822 352 860160
368565752 1051398 352 860160
368566182 1051398 320 860160
368621396 1051398 320 864256
368622300 1051398 320 868352
368622885 2099974 320 868352
368623346 2099974 320 868352
368677372 2099974 320 872448
368677921 3148550 320 872448
368678286 3148550 320 872448
368732083 3148550 320 876544
368732600 3148550 320 880640
368733129 4197126 320 880640
368733501 4197126 320 880640
368787186 4197126 320 884736
368787743 5245702 320 884736
368788092 5245702 320 884736
368841736 5245702 320 888832
368842193 5245702 320 892928
368842715 6294278 320 892928
368843086 6294278 320 892928
368896800 6294278 320 897024
368897366 7342854 320 897024
368897716 7342854 320 897024
368951994 7342854 320 901120
368952538 8391430 320 901120
368952875 8391430 320 901120
369006717 8391430 320 905216
369007215 8391430 320 909312
369007735 9440006 320 909312
369008121 9440006 320 909312
369061804 9440006 320 913408
369062348 10488582 320 913408
369062692 10488582 320 913408
369116363 10488582 320 917504
369116800 10488582 320 921600
369117328 11537158 320 921600
369117715 11537158 320 921600
369171396 11537158 320 925696
369171935 12585734 320 925696
369172285 12585734 320 925696
369226080 12585734 320 929792
369226506 12585734 320 933888
369227035 13634310 320 933888
369227414 13634310 320 933888
369281184 13634310 320 937984
369283007 14682886 320 937984
369283358 14682886 320 937984
369337255 14682886 320 942080
369337761 14682886 320 946176
369338300 15731462 320 946176
369338670 15731462 320 946176
369392411 15731462 320 950272
369392954 16780038 320 950272
369393286 16780038 320 950272
369447027 16780038 320 954368
369447532 16780038 320 958464
369448052 17828614 320 958464
369448415 17828614 320 958464
369502805 17828614 320 962560
369503411 18877190 320 962560
369503752 18877190 320 962560
369557548 18877190 320 966656
369558068 18877190 320 970752
369558607 19925766 320 970752
369558974 19925766 320 970752
369612734 19925766 320 974848
369613287 20974342 320 974848
369613617 20974342 320 974848
369667452 20974342 320 978944
369667960 20974342 320 983040
369668475 22022918 320 983040
369668847 22022918 320 983040
369722656 22022918 320 987136
369723217 23071494 320 987136
369723556 23071494 320 987136
369777382 23071494 320 991232
369777884 23071494 320 995328
369778524 24120070 320 995328
369778901 24120070 320 995328
369832856 24120070 320 999424
369833418 25168646 320 999424
369833756 25168646 320 999424
369887467 25168646 320 1003520
369887999 25168646 320 1007616
369888519 26217222 320 1007616
369888883 26217222 320 1007616
369942637 26217222 320 1011712
369943191 27265798 320 1011712
369943521 27265798 320 1011712
369997323 27265798 320 1015808
369997811 27265798 320 1019904
369998334 28314374 320 1019904
369998697 28314374 320 1019904
370052467 28314374 320 1024000
370053900 29362950 320 1024000
370054242 29362950 320 1024000
370108049 29362950 320 1028096
370108603 29362950 320 1032192
370109162 30411526 320 1032192
370109531 30411526 320 1032192
370163292 30411526 320 1036288
370163853 31460102 320 1036288
370164188 31460102 320 1036288
370217943 31460102 320 1040384
370218413 31460102 320 1044480
370218940 32508678 320 1044480
370219324 32508678 320 1044480
370273066 32508678 320 1048576
370273601 33557254 320 1048576
370273954 33557254 320 1048576
370327706 33557254 320 1052672
370328201 33557254 320 1056768
370328709 34605830 320 1056768
370329100 34605830 320 1056768
370382858 34605830 320 1060864
370383502 35654406 320 1060864
370383851 35654406 320 1060864
370437602 35654406 320 1064960
370438094 35654406 320 1069056
370438621 36702982 320 1069056
370439012 36702982 320 1069056
370492769 36702982 320 1073152
370493326 37751558 320 1073152
370493669 37751558 320 1073152
370547811 37751558 320 1077248
370548338 37751558 320 1081344
370548855 38800134 320 1081344
370549242 38800134 320 1081344
370603007 38800134 320 1085440
370603580 39848710 320 1085440
370603938 39848710 320 1085440
370657689 39848710 320 1089536
370658196 39848710 320 1093632
370658713 40897286 320 1093632
370659085 40897286 320 1093632
370712860 40897286 320 1097728
370713426 41945862 320 1097728
370713773 41945862 320 1097728
370767523 41945862 320 1101824
370768037 41945862 320 1105920
370768557 42994438 320 1105920
370768935 42994438 320 1105920
370822674 42994438 320 1110016
370824145 44043014 320 1110016
370824510 44043014 320 1110016
370878238 44043014 320 1114112
370878678 44043014 320 1118208
370879202 45091590 320 1118208
370879575 45091590 320 1118208
370933322 45091590 320 1122304
370933874 46140166 320 1122304
370934216 46140166 320 1122304
370988018 46140166 320 1126400
370988457 46140166 320 1130496
370988983 47188742 320 1130496
370989371 47188742 320 1130496
371043060 47188742 320 1134592
371043623 48237318 320 1134592
371043973 48237318 320 1134592
371097655 48237318 320 1138688
371098099 48237318 320 1142784
371098646 49285894 320 1142784
371099023 49285894 320 1142784
371152696 49285894 320 1146880
371153252 50334470 320 1146880
371153586 50334470 320 1146880
371207255 50334470 320 1150976
371207748 50334470 320 1155072
371208312 51383046 320 1155072
371208688 51383046 320 1155072
371262387 51383046 320 1159168
371262933 52431622 320 1159168
371263274 52431622 320 1159168
371316926 52431622 320 1163264
371317421 52431622 320 1167360
371317947 53480198 320 1167360
371318335 53480198 320 1167360
371372023 53480198 320 1171456
371372565 54528774 320 1171456
371372909 54528774 320 1171456
371426680 54528774 320 1175552
371427177 54528774 320 1179648
371427683 55577350 320 1179648
371428059 55577350 320 1179648
371481794 55577350 320 1183744
371482332 56625926 320 1183744
371482816 56625926 320 1183744
371542166 56625926 320 1187840
371542682 56625926 320 1191936
371543241 57674502 320 1191936
371543705 57674502 320 1191936
371597531 57674502 320 1196032
371598988 58723078 320 1196032
371599347 58723078 320 1196032
371653578 58723078 320 1200128
371654150 58723078 320 1204224
371654879 59771654 320 1204224
371655364 59771654 320 1204224
371709284 59771654 320 1208320
371709866 60820230 320 1208320
371710230 60820230 320 1208320
371763998 60820230 320 1212416
371764562 60820230 320 1216512
371765102 61868806 320 1216512
371765481 61868806 320 1216512
371819242 61868806 320 1220608
371819784 62917382 320 1220608
371820159 62917382 320 1220608
371873867 62917382 320 1224704
371874312 62917382 320 1228800
371874856 63965958 320 1228800
371875241 63965958 320 1228800
371928935 63965958 320 1232896
371929494 65014534 320 1232896
371929848 65014534 320 1232896
371983626 65014534 320 1236992
371984079 65014534 320 1241088
371984601 66063110 320 1241088
371984985 66063110 320 1241088
372038692 66063110 320 1245184
372039244 67111686 320 1245184
372039602 67111686 320 1245184
372093429 67111686 320 1249280
372093949 67111686 320 1253376
372094469 68160262 320 1253376
372094860 68160262 320 1253376
372148723 68160262 320 1257472
372149170 68160262 320 1261568
372149696 69208838 320 1261568
372150106 69208838 320 1261568
372203777 69208838 320 1265664
372204342 70257414 320 1265664
372204719 70257414 320 1265664
372258461 70257414 320 1269760
372258906 70257414 320 1273856
372259421 71305990 320 1273856
372259797 71305990 320 1273856
372313473 71305990 320 1277952
372314022 72354566 320 1277952
372314379 72354566 320 1277952
372368107 72354566 320 1282048
372368560 72354566 320 1286144
372370057 73403142 320 1286144
372370442 73403142 320 1286144
372424292 73403142 320 1290240
372424843 74451718 320 1290240
372425213 74451718 320 1290240
372479105 74451718 320 1294336
372479584 74451718 320 1298432
372480104 75500294 320 1298432
372480475 75500294 320 1298432
372534570 75500294 320 1302528
372535143 76548870 320 1302528
372535525 76548870 320 1302528
372589370 76548870 320 1306624
372589814 76548870 320 1310720
372590331 77597446 320 1310720
372590719 77597446 320 1310720
372644461 77597446 320 1314816
372645006 78646022 320 1314816
372645368 78646022 320 1314816
372699094 78646022 320 1318912
372699553 78646022 320 1323008
372700079 79694598 320 1323008
372700470 79694598 320 1323008
372754184 79694598 320 1327104
372754810 80743174 320 1327104
372755175 80743174 320 1327104
372808955 80743174 320 1331200
372809473 80743174 320 1335296
372810182 81791750 320 1335296
372810565 81791750 320 1335296
372864287 81791750 320 1339392
372864854 82840326 320 1339392
372865217 82840326 320 1339392
372919072 82840326 320 1343488
372919502 82840326 320 1347584
372920028 83888902 320 1347584
372920424 83888902 320 1347584
372974166 83888902 320 1351680
372974726 84937478 320 1351680
372975087 84937478 320 1351680
373028850 84937478 320 1355776
373029279 84937478 320 1359872
373029804 85986054 320 1359872
373030189 85986054 320 1359872
373083937 85986054 320 1363968
373084489 87034630 320 1363968
373084848 87034630 320 1363968
373138561 87034630 320 1368064
373138985 87034630 320 1372160
373140449 88083206 320 1372160
373140839 88083206 320 1372160
373194555 88083206 320 1376256
373195091 89131782 320 1376256
373195470 89131782 320 1376256
373249163 89131782 320 1380352
373249614 89131782 320 1384448
373250121 90180358 320 1384448
373250505 90180358 320 1384448
373304211 90180358 320 1388544
373304872 91228934 320 1388544
373305222 91228934 320 1388544
373358951 91228934 320 1392640
373359433 91228934 320 1396736
373359941 92277510 320 1396736
373360335 92277510 320 1396736
373414090 92277510 320 1400832
373414632 93326086 320 1400832
373414993 93326086 320 1400832
373468653 93326086 320 1404928
373469184 93326086 320 1409024
373469711 94374662 320 1409024
373470085 94374662 320 1409024
373524055 94374662 320 1413120
373524620 95423238 320 1413120
373524981 95423238 320 1413120
373578855 95423238 320 1417216
373579403 95423238 320 1421312
373579914 96471814 320 1421312
373580296 96471814 320 1421312
373634053 96471814 320 1425408
373634618 97520390 320 1425408
373634972 97520390 320 1425408
373688780 97520390 320 1429504
373689323 97520390 320 1433600
373689846 98568966 320 1433600
373690229 98568966 320 1433600
373744170 98568966 320 1437696
373744707 99617542 320 1437696
373745067 99617542 320 1437696
373798862 99617542 320 1441792
373799474 99617542 320 1445888
373799991 100666118 320 1445888
373800372 100666118 320 1445888
373854179 100666118 320 1449984
373854703 101714694 320 1449984
373855050 101714694 320 1449984
373910225 101714694 320 1454080
373910759 101714694 320 1458176
373912185 102763270 320 1458176
373912630 102763270 320 1458176
373966509 102763270 320 1462272
373967049 103811846 320 1462272
373967427 103811846 320 1462272
374021207 103811846 320 1466368
374021680 103811846 320 1470464
374022232 104860422 320 1470464
374022597 104860422 320 1470464
374076381 104860422 320 1474560
374076952 105908998 320 1474560
374077314 105908998 320 1474560
374131171 105908998 320 1478656
374131707 105908998 320 1482752
374132225 106957574 320 1482752
374132611 106957574 320 1482752
374186379 106957574 320 1486848
374186929 108006150 320 1486848
374187297 108006150 320 1486848
374241070 108006150 320 1490944
374241652 108006150 320 1495040
374242165 109054726 320 1495040
374242547 109054726 320 1495040
374296334 109054726 320 1499136
374296879 110103302 320 1499136
374297233 110103302 320 1499136
374351012 110103302 320 1503232
374351543 110103302 320 1507328
374352071 111151878 320 1507328
374352447 111151878 320 1507328
374406241 111151878 320 1511424
374406791 112200454 320 1511424
374407139 112200454 320 1511424
374460882 112200454 320 1515520
374461419 112200454 320 1519616
374462038 113249030 320 1519616
374462450 113249030 320 1519616
374516692 113249030 320 1523712
374517278 114297606 320 1523712
374517652 114297606 320 1523712
374571395 114297606 320 1527808
374571887 114297606 320 1531904
374572423 115346182 320 1531904
374572809 115346182 320 1531904
374626581 115346182 320 1536000
374627122 116394758 320 1536000
374627471 116394758 320 1536000
374681275 116394758 320 1540096
374681810 116394758 320 1544192
374683309 117443334 320 1544192
374683705 117443334 320 1544192
374737558 117443334 320 1548288
374738113 118491910 320 1548288
374738478 118491910 320 1548288
374792180 118491910 320 1552384
374792709 118491910 320 1556480
374793227 119540486 320 1556480
374793600 119540486 320 1556480
374847409 119540486 320 1560576
374847958 120589062 320 1560576
374848315 120589062 320 1560576
374902081 120589062 320 1564672
374902613 120589062 320 1568768
374903129 121637638 320 1568768
374903520 121637638 320 1568768
374957256 121637638 320 1572864
374957803 122686214 320 1572864
374958166 122686214 320 1572864
375011937 122686214 320 1576960
375012497 122686214 320 1581056
375013015 123734790 320 1581056
375013397 123734790 320 1581056
375067158 123734790 320 1585152
375067712 124783366 320 1585152
375068063 124783366 320 1585152
375121964 124783366 320 1589248
375122459 124783366 320 1593344
375122980 125831942 320 1593344
375123377 125831942 320 1593344
375177145 125831942 320 1597440
375177710 126880518 320 1597440
375178064 126880518 320 1597440
375231911 126880518 320 1601536
375233646 126880518 320 1605632
375234181 127929094 320 1605632
375234591 127929094 320 1605632
375288349 127929094 320 1609728
375288927 128977670 320 1609728
375289276 128977670 320 1609728
375343028 128977670 320 1613824
375343498 128977670 320 1617920
375344014 130026246 320 1617920
375344479 130026246 320 1617920
375402691 130026246 320 1622016
375403309 131074822 320 1622016
375403713 131074822 320 1622016
375457499 131074822 320 1626112
375458071 131074822 320 1630208
375459583 132123398 320 1630208
375459982 132123398 320 1630208
375514647 132123398 320 1634304
375515435 133171974 320 1634304
375515898 133171974 320 1634304
375569931 133171974 320 1638400
375570443 133171974 320 1642496
375571002 134220550 320 1642496
375571423 134220550 320 1642496
375625191 134220550 320 1646592
375625734 135269126 320 1646592
375626095 135269126 320 1646592
375680031 135269126 320 1650688
375680512 135269126 320 1654784
375681035 136317702 320 1654784
375681448 136317702 320 1654784
375735291 136317702 320 1658880
375735825 137366278 320 1658880
375736187 137366278 320 1658880
375789964 137366278 320 1662976
375790429 137366278 320 1667072
375790994 138414854 320 1667072
375791373 138414854 320 1667072
375845156 138414854 320 1671168
375845706 139463430 320 1671168
375846066 139463430 320 1671168
375899846 139463430 320 1675264
375900391 139463430 320 1679360
375900906 140512006 320 1679360
375901288 140512006 320 1679360
375955074 140512006 320 1683456
375955610 141560582 320 1683456
375955963 141560582 320 1683456
376009774 141560582 320 1687552
376010256 141560582 320 1691648
376010766 142609158 320 1691648
376011149 142609158 320 1691648
376064891 142609158 320 1695744
376065448 143657734 320 1695744
376065806 143657734 320 1695744
376119513 143657734 320 1699840
376119986 143657734 320 1703936
376120500 144706310 320 1703936
376120891 144706310 320 1703936
376174630 144706310 320 1708032
376175193 145754886 320 1708032
376175548 145754886 320 1708032
376229277 145754886 320 1712128
376229754 145754886 320 1716224
376231166 146803462 320 1716224
376231561 146803462 320 1716224
376285330 146803462 320 1720320
376285879 147852038 320 1720320
376286239 147852038 320 1720320
376340011 147852038 320 1724416
376340511 147852038 320 1728512
376341057 148900614 320 1728512
376341428 148900614 320 1728512
376395116 148900614 320 1732608
376395667 149949190 320 1732608
376396022 149949190 320 1732608
376449776 149949190 320 1736704
376450240 149949190 320 1740800
376450750 150997766 320 1740800
376451124 150997766 320 1740800
376505111 150997766 320 1744896
376505664 152046342 320 1744896
376506019 152046342 320 1744896
376559741 152046342 320 1748992
376560206 152046342 320 1753088
376560738 153094918 320 1753088
376561115 153094918 320 1753088
376614838 153094918 320 1757184
376615422 154143494 320 1757184
376615778 154143494 320 1757184
376669544 154143494 320 1761280
376670018 154143494 320 1765376
376670555 155192070 320 1765376
376670942 155192070 320 1765376
376724675 155192070 320 1769472
376725223 156240646 320 1769472
376725584 156240646 320 1769472
376779364 156240646 320 1773568
376779866 156240646 320 1777664
376780392 157289222 320 1777664
376780766 157289222 320 1777664
376833963 156240646 320 1777664
376837644 156240646 320 1773568
376838248 156240646 320 1773568
376890953 155192070 320 1773568
376893396 155192070 320 1769472
376893848 155192070 320 1769472
376946430 154143494 320 1769472
376947938 154143494 320 1765376
376948354 154143494 320 1765376
377000919 153094918 320 1765376
377002617 153094918 320 1761280
377002846 153094918 320 1757184
377003818 153094918 320 1757184
377056501 152046342 320 1757184
377058006 152046342 320 1753088
377058413 152046342 320 1753088
377110961 150997766 320 1753088
377112561 150997766 320 1748992
377112757 150997766 320 1744896
377113511 150997766 320 1744896
377166151 149949190 320 1744896
377167650 149949190 320 1740800
377167847 149949190 320 1736704
377168596 149949190 320 1736704
377221229 148900614 320 1736704
377222887 148900614 320 1732608
377223296 148900614 320 1732608
377275900 147852038 320 1732608
377277560 147852038 320 1728512
377277964 147852038 320 1728512
377330519 146803462 320 1728512
377332124 146803462 320 1724416
377332536 146803462 320 1724416
377385150 145754886 320 1724416
377386846 145754886 320 1720320
377387042 145754886 320 1716224
377387794 145754886 320 1716224
377440412 144706310 320 1716224
377441875 144706310 320 1712128
377442288 144706310 320 1712128
377494886 143657734 320 1712128
377496462 143657734 320 1708032
377496659 143657734 320 1703936
377497420 143657734 320 1703936
377550158 142609158 320 1703936
377551679 142609158 320 1699840
377552098 142609158 320 1699840
377604696 141560582 320 1699840
377606257 141560582 320 1695744
377606460 141560582 320 1691648
377607217 141560582 320 1691648
377659840 140512006 320 1691648
377661311 140512006 320 1687552
377661728 140512006 320 1687552
377714318 139463430 320 1687552
377715891 139463430 320 1683456
377716084 139463430 320 1679360
377716830 139463430 320 1679360
377769478 138414854 320 1679360
377770977 138414854 320 1675264
377771408 138414854 320 1675264
377823972 137366278 320 1675264
377825617 137366278 320 1671168
377825813 137366278 320 1667072
377826559 137366278 320 1667072
377879407 136317702 320 1667072
377880951 136317702 320 1662976
377881363 136317702 320 1662976
377934078 135269126 320 1662976
377935662 135269126 320 1658880
377935852 135269126 320 1654784
377936612 135269126 320 1654784
377989279 134220550 320 1654784
377990785 134220550 320 1650688
377991206 134220550 320 1650688
378043751 133171974 320 1650688
378045331 133171974 320 1646592
378045527 133171974 320 1642496
378046270 133171974 320 1642496
378098882 132123398 320 1642496
378100349 132123398 320 1638400
378100759 132123398 320 1638400
378153329 131074822 320 1638400
378154909 131074822 320 1634304
378155108 131074822 320 1630208
378155843 131074822 320 1630208
378208487 130026246 320 1630208
378209965 130026246 320 1626112
378210383 130026246 320 1626112
378262937 128977670 320 1626112
378264499 128977670 320 1622016
378264695 128977670 320 1617920
378265438 128977670 320 1617920
378318097 127929094 320 1617920
378319584 127929094 320 1613824
378320000 127929094 320 1613824
378372610 126880518 320 1613824
378374200 126880518 320 1609728
378374406 126880518 320 1605632
378375165 126880518 320 1605632
378427784 125831942 320 1605632
378429380 125831942 320 1601536
378430500 125831942 320 1601536
378483122 124783366 320 1601536
378484741 124783366 320 1597440
378484969 124783366 320 1593344
378485720 124783366 320 1593344
378538712 123734790 320 1593344
378540218 123734790 320 1589248
378540645 123734790 320 1589248
378593184 122686214 320 1589248
378594780 122686214 320 1585152
378594988 122686214 320 1581056
378595747 122686214 320 1581056
378648398 121637638 320 1581056
378649916 121637638 320 1576960
378650344 121637638 320 1576960
378702891 120589062 320 1576960
378704477 120589062 320 1572864
378704669 120589062 320 1568768
378705427 120589062 320 1568768
378758094 119540486 320 1568768
378759573 119540486 320 1564672
378759992 119540486 320 1564672
378812545 118491910 320 1564672
378814128 118491910 320 1560576
378814321 118491910 320 1556480
378815065 118491910 320 1556480
378867705 117443334 320 1556480
378869191 117443334 320 1552384
378869621 117443334 320 1552384
378922200 116394758 320 1552384
378923892 116394758 320 1548288
378924104 116394758 320 1544192
378924868 116394758 320 1544192
378977555 115346182 320 1544192
378979040 115346182 320 1540096
378979464 115346182 320 1540096
379032024 114297606 320 1540096
379033594 114297606 320 1536000
379033796 114297606 320 1531904
379034534 114297606 320 1531904
379087214 113249030 320 1531904
379088717 113249030 320 1527808
379089141 113249030 320 1527808
379141769 112200454 320 1527808
379143356 112200454 320 1523712
379143574 112200454 320 1519616
379144325 112200454 320 1519616
379196966 111151878 320 1519616
379198451 111151878 320 1515520
379198866 111151878 320 1515520
379251443 110103302 320 1515520
379252993 110103302 320 1511424
379253192 110103302 320 1507328
379253937 110103302 320 1507328
379306613 109054726 320 1507328
379308114 109054726 320 1503232
379308560 109054726 320 1503232
379361122 108006150 320 1503232
379362665 108006150 320 1499136
379362862 108006150 320 1495040
379363603 108006150 320 1495040
379416227 106957574 320 1495040
379417706 106957574 320 1490944
379418133 106957574 320 1490944
379470744 105908998 320 1490944
379472325 105908998 320 1486848
379472538 105908998 320 1482752
379473277 105908998 320 1482752
379526084 104860422 320 1482752
379527611 104860422 320 1478656
379528044 104860422 320 1478656
379580681 103811846 320 1478656
379582236 103811846 320 1474560
379582441 103811846 320 1470464
379583190 103811846 320 1470464
379635957 102763270 320 1470464
379642119 102763270 320 1466368
379642640 102763270 320 1466368
379695447 101714694 320 1466368
379697200 101714694 320 1462272
379697406 101714694 320 1458176
379698182 101714694 320 1458176
379750868 100666118 320 1458176
379759100 100666118 320 1454080
379761446 100666118 320 1454080
379814374 99617542 320 1454080
379816174 99617542 320 1449984
379816401 99617542 320 1445888
379817326 99617542 320 1445888
379869931 98568966 320 1445888
379871421 98568966 320 1441792
379871829 98568966 320 1441792
379924397 97520390 320 1441792
379926031 97520390 320 1437696
379926221 97520390 320 1433600
379926960 97520390 320 1433600
379979542 96471814 320 1433600
379981010 96471814 320 1429504
379981425 96471814 320 1429504
380033985 95423238 320 1429504
380035581 95423238 320 1425408
380035784 95423238 320 1421312
380036509 95423238 320 1421312
380089227 94374662 320 1421312
380090698 94374662 320 1417216
380091115 94374662 320 1417216
380143753 93326086 320 1417216
380145341 93326086 320 1413120
380145535 93326086 320 1409024
380146280 93326086 320 1409024
380198950 92277510 320 1409024
380200432 92277510 320 1404928
380200895 92277510 320 1404928
380253487 91228934 320 1404928
380255059 91228934 320 1400832
380255251 91228934 320 1396736
380255981 91228934 320 1396736
380308621 90180358 320 1396736
380310092 90180358 320 1392640
380310505 90180358 320 1392640
380363087 89131782 320 1392640
380364717 89131782 320 1388544
380364903 89131782 320 1384448
380365648 89131782 320 1384448
380418281 88083206 320 1384448
380420031 88083206 320 1380352
380420312 88083206 320 1376256
380420698 88083206 320 1376256
380473239 87034630 320 1376256
380474704 87034630 320 1372160
380475128 87034630 320 1372160
380528160 85986054 320 1372160
380530078 85986054 320 1368064
380530284 85986054 320 1363968
380530700 85986054 320 1363968
380583276 84937478 320 1363968
380584693 84937478 320 1359872
380585154 84937478 320 1359872
380637741 83888902 320 1359872
380639698 83888902 320 1355776
380639885 83888902 320 1351680
380640290 83888902 320 1351680
380692837 82840326 320 1351680
380694282 82840326 320 1347584
380694687 82840326 320 1347584
380747265 81791750 320 1347584
380749383 81791750 320 1343488
380749575 81791750 320 1339392
380749985 81791750 320 1339392
380802553 80743174 320 1339392
380803981 80743174 320 1335296
380804377 80743174 320 1335296
380856920 79694598 320 1335296
380859183 79694598 320 1331200
380859369 79694598 320 1327104
380859781 79694598 320 1327104
380912370 78646022 320 1327104
380913786 78646022 320 1323008
380914185 78646022 320 1323008
380966793 77597446 320 1323008
380969197 77597446 320 1318912
380969392 77597446 320 1314816
380969808 77597446 320 1314816
381022399 76548870 320 1314816
381023908 76548870 320 1310720
381024312 76548870 320 1310720
381076927 75500294 320 1310720
381079466 75500294 320 1306624
381079654 75500294 320 1302528
381080116 75500294 320 1302528
381132738 74451718 320 1302528
381134180 74451718 320 1298432
381134582 74451718 320 1298432
381187146 73403142 320 1298432
381189835 73403142 320 1294336
381190027 73403142 320 1290240
381190467 73403142 320 1290240
381243057 72354566 320 1290240
381244497 72354566 320 1286144
381244898 72354566 320 1286144
381297525 71305990 320 1286144
381300353 71305990 320 1282048
381300535 71305990 320 1277952
381300971 71305990 320 1277952
381353572 70257414 320 1277952
381354990 70257414 320 1273856
381355384 70257414 320 1273856
381407966 69208838 320 1273856
381410951 69208838 320 1269760
381411141 69208838 320 1265664
381411585 69208838 320 1265664
381464142 68160262 320 1265664
381465570 68160262 320 1261568
381466029 68160262 320 1261568
381518749 67111686 320 1261568
381521933 67111686 320 1257472
381522121 67111686 320 1253376
381522599 67111686 320 1253376
381575207 66063110 320 1253376
381576624 66063110 320 1249280
381577043 66063110 320 1249280
381629661 65014534 320 1249280
381632936 65014534 320 1245184
381633136 65014534 320 1241088
381633584 65014534 320 1241088
381686133 63965958 320 1241088
381687561 63965958 320 1236992
381687963 63965958 320 1236992
381740570 62917382 320 1236992
381743994 62917382 320 1232896
381744179 62917382 320 1228800
381744616 62917382 320 1228800
381797147 61868806 320 1228800
381798582 61868806 320 1224704
381798987 61868806 320 1224704
381851578 60820230 320 1224704
381855182 60820230 320 1220608
381855370 60820230 320 1216512
381855811 60820230 320 1216512
381908363 59771654 320 1216512
381909799 59771654 320 1212416
381910188 59771654 320 1212416
381962789 58723078 320 1212416
381966491 58723078 320 1208320
381966675 58723078 320 1204224
381967150 58723078 320 1204224
382019727 57674502 320 1204224
382021146 57674502 320 1200128
382021547 57674502 320 1200128
382074153 56625926 320 1200128
382078028 56625926 320 1196032
382078222 56625926 320 1191936
382078668 56625926 320 1191936
382131252 55577350 320 1191936
382132711 55577350 320 1187840
382133113 55577350 320 1187840
382185720 54528774 320 1187840
382187272 54528774 320 1183744
382187464 54528774 320 1179648
382188288 54528774 320 1179648
382241072 53480198 320 1179648
382242557 53480198 320 1175552
382242962 53480198 320 1175552
382295552 52431622 320 1175552
382297097 52431622 320 1171456
382297287 52431622 320 1167360
382298021 52431622 320 1167360
382350622 51383046 320 1167360
382352083 51383046 320 1163264
382352494 51383046 320 1163264
382405114 50334470 320 1163264
382406661 50334470 320 1159168
382406855 50334470 320 1155072
382407590 50334470 320 1155072
382460184 49285894 320 1155072
382461643 49285894 320 1150976
382462051 49285894 320 1150976
382514942 48237318 320 1150976
382516587 48237318 320 1146880
382516790 48237318 320 1142784
382517519 48237318 320 1142784
382570127 47188742 320 1142784
382571569 47188742 320 1138688
382571978 47188742 320 1138688
382624554 46140166 320 1138688
382626154 46140166 320 1134592
382626340 46140166 320 1130496
382627063 46140166 320 1130496
382679684 45091590 320 1130496
382681166 45091590 320 1126400
382681576 45091590 320 1126400
382734207 44043014 320 1126400
382735795 44043014 320 1122304
382736001 44043014 320 1118208
382736732 44043014 320 1118208
382789403 42994438 320 1118208
382790887 42994438 320 1114112
382791292 42994438 320 1114112
382843900 41945862 320 1114112
382845486 41945862 320 1110016
382845685 41945862 320 1105920
382846451 41945862 320 1105920
382899096 40897286 320 1105920
382900556 40897286 320 1101824
382900974 40897286 320 1101824
382953571 39848710 320 1101824
382955159 39848710 320 1097728
382955350 39848710 320 1093632
382956095 39848710 320 1093632
383008699 38800134 320 1093632
383010162 38800134 320 1089536
383010575 38800134 320 1089536
383063160 37751558 320 1089536
383064729 37751558 320 1085440
383064935 37751558 320 1081344
383068129 37751558 320 1081344
383120830 36702982 320 1081344
383122347 36702982 320 1077248
383122756 36702982 320 1077248
383175335 35654406 320 1077248
383176880 35654406 320 1073152
383177066 35654406 320 1069056
383177803 35654406 320 1069056
383230460 34605830 320 1069056
383231920 34605830 320 1064960
383232325 34605830 320 1064960
383284915 33557254 320 1064960
383286505 33557254 320 1060864
383286690 33557254 320 1056768
383287413 33557254 320 1056768
383340055 32508678 320 1056768
383341519 32508678 320 1052672
383341924 32508678 320 1052672
383394519 31460102 320 1052672
383396063 31460102 320 1048576
383396265 31460102 320 1044480
383397005 31460102 320 1044480
383449719 30411526 320 1044480
383451193 30411526 320 1040384
383451606 30411526 320 1040384
383504418 29362950 320 1040384
383506034 29362950 320 1036288
383506236 29362950 320 1032192
383506960 29362950 320 1032192
383559554 28314374 320 1032192
383561022 28314374 320 1028096
383561426 28314374 320 1028096
383614001 27265798 320 1028096
383615584 27265798 320 1024000
383615775 27265798 320 1019904
383616513 27265798 320 1019904
383669108 26217222 320 1019904
383670698 26217222 320 1015808
383671103 26217222 320 1015808
383723649 25168646 320 1015808
383725322 25168646 320 1011712
383725525 25168646 320 1007616
383726292 25168646 320 1007616
383778931 24120070 320 1007616
383780400 24120070 320 1003520
383780815 24120070 320 1003520
383833383 23071494 320 1003520
383834926 23071494 320 999424
383835119 23071494 320 995328
383835863 23071494 320 995328
383888544 22022918 320 995328
383890071 22022918 320 991232
383890484 22022918 320 991232
383943098 20974342 320 991232
383944658 20974342 320 987136
383944839 20974342 320 983040
383945565 20974342 320 983040
383998136 19925766 320 983040
383999605 19925766 320 978944
384000009 19925766 320 978944
384052585 18877190 320 978944
384054168 18877190 320 974848
384054360 18877190 320 970752
384055092 18877190 320 970752
384107687 17828614 320 970752
384109156 17828614 320 966656
384109689 17828614 320 966656
384166400 16780038 320 966656
384168337 16780038 320 962560
384168539 16780038 320 958464
384169326 16780038 320 958464
384221943 15731462 320 958464
384223468 15731462 320 954368
384226251 15731462 320 954368
384278943 14682886 320 954368
384280900 14682886 320 950272
384281165 14682886 320 946176
384282000 14682886 320 946176
384334708 13634310 320 946176
384336213 13634310 320 942080
384336643 13634310 320 942080
384389279 12585734 320 942080
384390875 12585734 320 937984
384391058 12585734 320 933888
384391806 12585734 320 933888
384444368 11537158 320 933888
384445843 11537158 320 929792
384446257 11537158 320 929792
384498797 10488582 320 929792
384511066 10488582 320 925696
384511392 10488582 320 921600
384512449 10488582 320 921600
384565289 9440006 320 921600
384567068 9440006 320 917504
384567495 9440006 320 917504
384620033 8391430 320 917504
384621630 8391430 320 913408
384621914 8391430 320 909312
384622695 8391430 320 909312
384675400 7342854 320 909312
384676875 7342854 320 905216
384677291 7342854 320 905216
384729901 6294278 320 905216
384731464 6294278 320 901120
384731666 6294278 320 897024
384732407 6294278 320 897024
384785013 5245702 320 897024
384786483 5245702 320 892928
384786893 5245702 320 892928
384839455 4197126 320 892928
384841027 4197126 320 888832
384841218 4197126 320 884736
384841967 4197126 320 884736
384894629 3148550 320 884736
384896146 3148550 320 880640
384896559 3148550 320 880640
384949181 2099974 320 880640
384950728 2099974 320 876544
384950916 2099974 320 872448
384951665 2099974 320 872448
385004309 1051398 320 872448
385005787 1051398 320 868352
385006202 1051398 320 868352
385058821 2822 320 868352
385060610 2822 320 864256
385060793 2822 320 860160
385060972 2822 320 856064
385061713 2822 320 856064
385114430 2822 384 856064
385114821 1622 384 856064
385127577 1582 384 856064
385128004 1534 384 856064
385132806 1534 384 856064
385133259 1534 384 856064
385133883 1534 384 856064
385134337 1534 384 856064
385134890 1534 384 856064
385135402 1534 384 856064
385135710 1534 384 856064
385206656 1534 384 860160
385210844 1534 384 864256
385214094 1534 384 868352
385232240 1534 384 872448
385236030 1534 384 868352
404698846 1534 384 872448
404720551 1534 384 868352
404721008 1534 384 864256
404796493 1534 384 868352
404824047 1534 384 864256
404824500 1534 384 860160
404900559 1534 384 864256
404929245 1534 384 860160
404929667 1534 384 856064
404935043 1534 384 860160
404950246 1534 384 856064
404950489 1534 384 851968
404950665 1534 384 847872
404950886 1534 384 843776
404995607 1534 384 847872
405043324 1534 384 851968
405081202 1534 384 856064
405127015 1534 384 851968
405127442 1534 384 847872
405127604 1534 384 843776
405127766 1534 384 839680
405136085 1534 384 835584
405136287 1534 384 831488
405136461 1534 384 827392
405140018 1534 384 823296
405140270 1534 384 819200
405140433 1534 384 815104
405140594 1534 384 811008
405140750 1534 384 806912
405140903 1534 384 802816
405141138 1534 384 798720
405141289 1534 384 794624
405141440 1534 384 790528
405141596 1534 384 786432
405141745 1534 384 782336
405141904 1534 384 778240
405142051 1534 384 774144
405142199 1534 384 770048
405142349 1534 384 765952
405142642 1534 384 761856
405142790 1534 384 757760
405142947 1534 384 753664
405143096 1534 384 749568
405143249 1534 384 745472
405143399 1534 384 741376
405143551 1534 384 737280
405143700 1534 384 733184
405143852 1534 384 729088
405143999 1534 384 724992
405144148 1534 384 720896
405144294 1534 384 716800
405144444 1534 384 712704
405144589 1534 384 708608
405144738 1534 384 704512
405144885 1534 384 700416
405147279 1534 384 696320
405147462 1534 384 692224
405147625 1534 384 688128
405147775 1534 384 684032
405147926 1534 384 679936
405148073 1534 384 675840
405148221 1534 384 671744
405148367 1534 384 667648
405148518 1534 384 663552
405148669 1534 384 659456
405149082 1534 384 655360
405149251 1534 384 651264
405149397 1534 384 647168
405149545 1534 384 643072
405149689 1534 384 638976
405149831 1534 384 634880
405149974 1534 384 630784
405150117 1534 384 626688
405150264 1534 384 622592
405150410 1534 384 618496
405150553 1534 384 614400
405150697 1534 384 610304
405150843 1534 384 606208
405150987 1534 384 602112
405151135 1534 384 598016
405151279 1534 384 593920
405151422 1534 384 589824
405151566 1534 384 585728
405158071 1534 384 581632
405158282 1534 384 577536
405158451 1534 384 573440
405160943 1534 384 569344
405161111 1534 384 565248
405161285 1534 384 561152
405161433 1534 384 557056
405161583 1534 384 552960
405161729 1534 384 548864
405161881 1534 384 544768
405162027 1534 384 540672
405162174 1534 384 536576
405162319 1534 384 532480
405162463 1534 384 528384
405162608 1534 384 524288
405162753 1534 384 520192
405162898 1534 384 516096
405163045 1534 384 512000
405163195 1534 384 507904
405163480 1534 384 503808
405163628 1534 384 499712
405163770 1534 384 495616
405163914 1534 384 491520
405164057 1534 384 487424
405164199 1534 384 483328
405164340 1534 384 479232
405164505 1534 384 475136
405164651 1534 384 471040
405164798 1534 384 466944
405164941 1534 384 462848
405165093 1534 384 458752
405165244 1534 384 454656
405165398 1534 384 450560
405165543 1534 384 446464
405168649 1534 384 442368
405168844 1534 384 438272
405169003 1534 384 434176
405169161 1534 384 430080
405169313 1534 384 425984
405169468 1534 384 421888
405169615 1534 384 417792
405169759 1534 384 413696
405169910 1534 384 409600
405170056 1534 384 405504
405170199 1534 384 401408
405170344 1534 384 397312
405170489 1534 384 393216
405170633 1534 384 389120
405170782 1534 384 385024
405170927 1534 384 380928
405171097 1534 384 376832
405171243 1534 384 372736
405171391 1534 384 368640
405171534 1534 384 364544
405171681 1534 384 360448
405171826 1534 384 356352
405171971 1534 384 352256
405172115 1534 384 348160
405172262 1534 384 344064
405172408 1534 384 339968
405172553 1534 384 335872
405172703 1534 384 331776
405172848 1534 384 327680
405172997 1534 384 323584
405173139 1534 384 319488
405176137 1534 384 315392
405176403 1534 384 311296
405177917 1534 384 307200
405178066 1534 384 303104
405178213 1534 384 299008
405178360 1534 384 294912
405178513 1534 384 290816
405178660 1534 384 286720
405178809 1534 384 282624
405178955 1534 384 278528
405179099 1534 384 274432
405179243 1534 384 270336
405179387 1534 384 266240
405179530 1534 384 262144
405179676 1534 384 258048
405179817 1534 384 253952
405179959 1534 384 249856
405180103 1534 384 245760
405180270 1534 384 241664
405180417 1534 384 237568
405180560 1534 384 233472
405180704 1534 384 229376
405180852 1534 384 225280
405180996 1534 384 221184
405181141 1534 384 217088
405181285 1534 384 212992
405181430 1534 384 208896
405181658 1534 384 204800
405181857 1534 384 200704
