ts heap stack kmem
267653831 1622 384 311296
267656358 3670 384 311296
267657745 3670 336 311296
267659766 3670 272 311296
267660283 3670 224 311296
267660738 3680 224 311296
267664289 3680 224 311296
267664679 3690 224 311296
267677373 3680 224 311296
267677916 3670 224 311296
267679578 3670 272 311296
267680047 3670 224 311296
267680427 3680 224 311296
267680940 3680 224 311296
267681284 3690 224 311296
267682875 3680 224 311296
267683199 3670 224 311296
267683629 3670 368 311296
267684093 3670 3776 311296
267684482 3670 3808 311296
267740007 3670 7920 311296
267740488 3670 7952 311296
267793273 3670 12064 311296
267793685 3670 12096 311296
267846874 3670 16208 311296
267847268 3670 16240 311296
267903744 3670 16240 315392
267906909 3670 20352 315392
267907286 3670 20384 315392
267960692 3670 20384 319488
267961232 3670 24496 319488
267961548 3670 24528 319488
268014732 3670 24528 323584
268017678 3670 28640 323584
268018021 3670 28672 323584
268071288 3670 28672 327680
268071802 3670 32784 327680
268072117 3670 32816 327680
268125338 3670 32816 331776
268125844 3670 36928 331776
268126159 3670 36960 331776
268179339 3670 36960 335872
268180499 3670 41072 335872
268180835 3670 41104 335872
268234014 3670 41104 339968
268234518 3670 45216 339968
268234837 3670 45248 339968
268288063 3670 45248 344064
268288569 3670 49360 344064
268288883 3670 49392 344064
268342207 3670 49392 348160
268342961 3670 53504 348160
268343312 3670 53536 348160
268396492 3670 53536 352256
268397031 3670 57648 352256
268397355 3670 57680 352256
268451525 3670 57680 356352
268452048 3670 61792 356352
268452362 3670 61824 356352
268505606 3670 61824 360448
268506115 3670 65936 360448
268506427 3670 65968 360448
268559677 3670 65968 364544
268560188 3670 70080 364544
268560503 3670 70112 364544
268613748 3670 70112 368640
268614249 3670 74224 368640
268614560 3670 74256 368640
268667824 3670 74256 372736
268668331 3670 78368 372736
268668645 3670 78400 372736
268721844 3670 78400 376832
268722348 3670 82512 376832
268722662 3670 82544 376832
268776086 3670 82544 380928
268777358 3670 86656 380928
268777687 3670 86688 380928
268830939 3670 86688 385024
268831495 3670 90800 385024
268831810 3670 90832 385024
268885067 3670 90832 389120
268885577 3670 94944 389120
268885899 3670 94976 389120
268939144 3670 94976 393216
268939663 3670 99088 393216
268939982 3670 99120 393216
268993184 3670 99120 397312
268993696 3670 103232 397312
268994019 3670 103264 397312
269047181 3670 103264 401408
269047691 3670 107376 401408
269048006 3670 107408 401408
269101193 3670 107408 405504
269101732 3670 111520 405504
269102047 3670 111552 405504
269155237 3670 111552 409600
269155751 3670 115664 409600
269156071 3670 115696 409600
269156931 3670 115696 413696
269209790 3670 119808 413696
269210663 3670 119808 417792
269211232 3670 119840 417792
269263854 3670 123952 417792
269267125 3670 123952 421888
269267739 3670 123984 421888
269320376 3670 128096 421888
269321539 3670 128096 425984
269322120 3670 128128 425984
269374772 3670 132240 425984
269375827 3670 132240 430080
269376390 3670 132272 430080
269429334 3670 136384 430080
269430368 3670 136384 434176
269430937 3670 136416 434176
269483579 3670 140528 434176
269484639 3670 140528 438272
269485979 3670 140560 438272
269538711 3670 144672 438272
269539741 3670 144672 442368
269540314 3670 144704 442368
269592941 3670 148816 442368
269594036 3670 148816 446464
269594624 3670 148848 446464
269647297 3670 152960 446464
269648234 3670 152960 450560
269648816 3670 152992 450560
269701441 3670 157104 450560
269702443 3670 157104 454656
269703038 3670 157136 454656
269755694 3670 161248 454656
269756699 3670 161248 458752
269757291 3670 161280 458752
269809981 3670 165392 458752
269810979 3670 165392 462848
269811583 3670 165424 462848
269864240 3670 169536 462848
269865135 3670 169536 466944
269865970 3670 169568 466944
269918584 3670 173680 466944
269919458 3670 173680 471040
269920193 3670 173712 471040
269972839 3670 177824 471040
269973724 3670 177824 475136
269974455 3670 177856 475136
270027100 3670 181968 475136
270028222 3670 181968 479232
270028949 3670 182000 479232
270081564 3670 186112 479232
270082439 3670 186112 483328
270083157 3670 186144 483328
270135767 3670 190256 483328
270136634 3670 190256 487424
270137442 3670 190288 487424
270190050 3670 194400 487424
270190921 3670 194400 491520
270191651 3670 194432 491520
270244287 3670 198544 491520
270245173 3670 198544 495616
270246949 3670 198576 495616
270299618 3670 202688 495616
270300513 3670 202688 499712
270301218 3670 202720 499712
270353844 3670 206832 499712
270354725 3670 206832 503808
270355438 3670 206864 503808
270408309 3670 210976 503808
270409234 3670 210976 507904
270409947 3670 211008 507904
270462594 3670 215120 507904
270463512 3670 215120 512000
270464228 3670 215152 512000
270517663 3670 215152 516096
270519584 3670 219264 516096
270537218 3670 219264 520192
270543934 3670 219296 520192
270597855 3670 219296 524288
270598385 3670 223408 524288
270598722 3670 223440 524288
270652167 3670 223440 528384
270652687 3670 227552 528384
270653029 3670 227584 528384
270706565 3670 227584 532480
270707055 3670 231696 532480
270707375 3670 231728 532480
270762707 3670 231728 536576
270763624 3670 235840 536576
270764201 3670 235872 536576
270817764 3670 235872 540672
270818246 3670 239984 540672
270818568 3670 240016 540672
270871984 3670 240016 544768
270872452 3670 244128 544768
270872774 3670 244160 544768
270926234 3670 244160 548864
270927055 3670 248272 548864
270927378 3670 248304 548864
270980738 3670 248304 552960
270981227 3670 252416 552960
270981570 3670 252448 552960
271034959 3670 252448 557056
271036430 3670 256560 557056
271036788 3670 256592 557056
271090450 3670 256592 561152
271090956 3670 260704 561152
271091285 3670 260736 561152
271144687 3670 260736 565248
271145254 3670 264848 565248
271145577 3670 264880 565248
271198993 3670 264880 569344
271199492 3670 268992 569344
271199814 3670 269024 569344
271253271 3670 269024 573440
271253784 3670 273136 573440
271254107 3670 273168 573440
271307588 3670 273168 577536
271308116 3670 277280 577536
271308430 3670 277312 577536
271361888 3670 277312 581632
271362395 3670 281424 581632
271362730 3670 281456 581632
271427419 3670 281456 585728
271427939 3670 285568 585728
271428324 3670 285600 585728
271481360 3670 285600 589824
271481799 3670 289712 589824
271482067 3670 289744 589824
271535049 3670 289744 593920
271535535 3670 293856 593920
271535813 3670 293888 593920
271588745 3670 293888 598016
271589323 3670 298000 598016
271589594 3670 298032 598016
271642516 3670 298032 602112
271642949 3670 302144 602112
271643228 3670 302176 602112
271696106 3670 302176 606208
271696555 3670 306288 606208
271696841 3670 306320 606208
271749703 3670 306320 610304
271750163 3670 310432 610304
271750449 3670 310464 610304
271803390 3670 310464 614400
271804514 3670 314576 614400
271804807 3670 314608 614400
271857767 3670 314608 618496
271858215 3670 318720 618496
271858485 3670 318752 618496
271911384 3670 318752 622592
271911826 3670 322864 622592
271912158 3670 322896 622592
271965013 3670 322896 626688
271965467 3670 327008 626688
271965735 3670 327040 626688
272018520 3670 327040 630784
272018970 3670 331152 630784
272019241 3670 331184 630784
272073850 3670 331184 634880
272074322 3670 335296 634880
272074617 3670 335328 634880
272127421 3670 335328 638976
272127864 3670 339440 638976
272128141 3670 339472 638976
272182092 3670 339472 643072
272182545 3670 343584 643072
272182810 3670 343616 643072
272235669 3670 343616 647168
272236271 3670 347728 647168
272236547 3670 347760 647168
272289362 3670 347760 651264
272289804 3670 351872 651264
272290073 3670 351904 651264
272342882 3670 351904 655360
272343342 3670 356016 655360
272343611 3670 356048 655360
272396488 3670 356048 659456
272396935 3670 360160 659456
272397207 3670 360192 659456
272450177 3670 360192 663552
272450648 3670 364304 663552
272450938 3670 364336 663552
272503658 3670 364336 667648
272504098 3670 368448 667648
272504376 3670 368480 667648
272557075 3670 368480 671744
272558106 3670 372592 671744
272558384 3670 372624 671744
272611174 3670 372624 675840
272611619 3670 376736 675840
272611874 3670 376768 675840
272664626 3670 376768 679936
272665069 3670 380880 679936
272665327 3670 380912 679936
272718025 3670 380912 684032
272718465 3670 385024 684032
272718727 3670 385056 684032
272771474 3670 385056 688128
272771913 3670 389168 688128
272772170 3670 389200 688128
272824868 3670 389200 692224
272825340 3670 393312 692224
272825598 3670 393344 692224
272878290 3670 393344 696320
272878725 3670 397456 696320
272878984 3670 397488 696320
272931728 3670 397488 700416
272932169 3670 401600 700416
272932432 3670 401632 700416
272985127 3670 401632 704512
272985565 3670 405744 704512
272985829 3670 405776 704512
273038509 3670 405776 708608
273038949 3670 409888 708608
273039208 3670 409920 708608
273091953 3670 409920 712704
273092392 3670 414032 712704
273092648 3670 414064 712704
273145328 3670 414064 716800
273145783 3670 418176 716800
273146044 3670 418208 716800
273198740 3670 418208 720896
273199200 3670 422320 720896
273199484 3670 422352 720896
273252246 3670 422352 724992
273252686 3670 426464 724992
273252942 3670 426496 724992
273305635 3670 426496 729088
273306848 3670 430608 729088
273307125 3670 430640 729088
273359847 3670 430640 733184
273360287 3670 434752 733184
273360546 3670 434784 733184
273413395 3670 434784 737280
273413842 3670 438896 737280
273414100 3670 438928 737280
273466855 3670 438928 741376
273467300 3670 443040 741376
273467557 3670 443072 741376
273520306 3670 443072 745472
273520759 3670 447184 745472
273521046 3670 447216 745472
273573746 3670 447216 749568
273574187 3670 451328 749568
273574464 3670 451360 749568
273627153 3670 451360 753664
273627595 3670 455472 753664
273627857 3670 455504 753664
273680626 3670 455504 757760
273681059 3670 459616 757760
273681317 3670 459648 757760
273734975 3670 459648 761856
273735420 3670 463760 761856
273735681 3670 463792 761856
273788421 3670 463792 765952
273788863 3670 467904 765952
273789124 3670 467936 765952
273789889 3670 467936 770048
273842310 3670 472048 770048
273843068 3670 472048 774144
273843544 3670 472080 774144
273895714 3670 476192 774144
273896590 3670 476192 778240
273897051 3670 476224 778240
273949216 3670 480336 778240
273949954 3670 480336 782336
273950417 3670 480368 782336
274002638 3670 484480 782336
274003386 3670 484480 786432
274004492 3670 484512 786432
274056675 3670 488624 786432
274057417 3670 488624 790528
274057898 3670 488656 790528
274110059 3670 492768 790528
274110799 3670 492768 794624
274111281 3670 492800 794624
274163452 3670 496912 794624
274164198 3670 496912 798720
274164677 3670 496944 798720
274216844 3670 501056 798720
274217596 3670 501056 802816
274218081 3670 501088 802816
274271097 3670 501088 806912
274271470 3670 505200 806912
274276051 3670 505232 806912
274328563 3670 509344 806912
274329587 3670 509344 811008
274330104 3670 509376 811008
274382445 3670 513488 811008
274383274 3670 513488 815104
274383790 3670 513520 815104
274436256 3670 517632 815104
274437095 3670 517632 819200
274437604 3670 517664 819200
274489797 3670 521776 819200
274490505 3670 521776 823296
274491077 3670 521808 823296
274543272 3670 525920 823296
274543941 3670 525920 827392
274544513 3670 525952 827392
274596674 3670 530064 827392
274597317 3670 530064 831488
274597895 3670 530096 831488
274650071 3670 534208 831488
274650717 3670 534208 835584
274651308 3670 534240 835584
274703468 3670 538352 835584
274704108 3670 538352 839680
274704698 3670 538384 839680
274757027 3670 542496 839680
274757731 3670 542496 843776
274759028 3670 542528 843776
274844670 3670 546640 843776
274857919 3670 546640 847872
274860328 3670 546672 847872
274915133 3670 550784 847872
274915997 3670 550784 851968
274916816 3670 550816 851968
274971566 3670 554928 851968
274972309 3670 554928 856064
274972987 3670 554960 856064
275025167 3670 559072 856064
275025895 3670 559072 860160
275026518 3670 559104 860160
275078665 3670 563216 860160
275079360 3670 563216 864256
275079951 3670 563248 864256
275132084 3670 567360 864256
275132819 3670 567360 868352
275133413 3670 567392 868352
275186233 3670 567392 872448
275186596 3670 571504 872448
275186896 3670 571536 872448
275239771 3670 571536 876544
275240126 3670 575648 876544
275240412 3670 575680 876544
275293226 3670 575680 880640
275293623 3670 579792 880640
275293900 3670 579824 880640
275346798 3670 579824 884736
275347241 3670 583936 884736
275347525 3670 583968 884736
275408579 3670 583968 888832
275409311 3670 588080 888832
275409760 3670 588112 888832
275462815 3670 588112 892928
275463205 3670 592224 892928
275463494 3670 592256 892928
275516926 3670 592256 897024
275517385 3670 596368 897024
275517725 3670 596400 897024
275571100 3670 596400 901120
275572590 3670 600512 901120
275572952 3670 600544 901120
275626481 3670 600544 905216
275626959 3670 604656 905216
275627315 3670 604688 905216
275680689 3670 604688 909312
275681150 3670 608800 909312
275681502 3670 608832 909312
275735608 3670 608832 913408
275736074 3670 612944 913408
275736425 3670 612976 913408
275789873 3670 612976 917504
275790383 3670 617088 917504
275790802 3670 617120 917504
275844206 3670 617120 921600
275844679 3670 621232 921600
275845009 3670 621264 921600
275898664 3670 621264 925696
275899176 3670 625376 925696
275899530 3670 625408 925696
275953078 3670 625408 929792
275953542 3670 629520 929792
275953892 3670 629552 929792
276007460 3670 629552 933888
276007926 3670 633664 933888
276008277 3670 633696 933888
276061555 3670 633696 937984
276062059 3670 637808 937984
276062402 3670 637840 937984
276117711 3670 637840 942080
276118192 3670 641952 942080
276118535 3670 641984 942080
276171846 3670 641984 946176
276172318 3670 646096 946176
276172661 3670 646128 946176
276225969 3670 646128 950272
276226447 3670 650240 950272
276226804 3670 650272 950272
276280135 3670 650272 954368
276280627 3670 654384 954368
276280981 3670 654416 954368
276334294 3670 654416 958464
276335548 3670 658528 958464
276335917 3670 658560 958464
276389271 3670 658560 962560
276389810 3670 662672 962560
276390168 3670 662704 962560
276443900 3670 662704 966656
276445162 3670 666816 966656
276445567 3670 666848 966656
276498846 3670 666848 970752
276499362 3670 670960 970752
276499720 3670 670992 970752
276553099 3670 670992 974848
276553599 3670 675104 974848
276553970 3670 675136 974848
276607268 3670 675136 978944
276607768 3670 679248 978944
276608094 3670 679280 978944
276661368 3670 679280 983040
276662032 3670 683392 983040
276662362 3670 683424 983040
276715584 3670 683424 987136
276716096 3670 687536 987136
276716419 3670 687568 987136
276769612 3670 687568 991232
276770110 3670 691680 991232
276770439 3670 691712 991232
276823747 3670 691712 995328
276824254 3670 695824 995328
276824583 3670 695856 995328
276877856 3670 695856 999424
276878364 3670 699968 999424
276878690 3670 700000 999424
276931899 3670 700000 1003520
276932412 3670 704112 1003520
276932758 3670 704144 1003520
276986145 3670 704144 1007616
276986651 3670 708256 1007616
276987024 3670 708288 1007616
277040228 3670 708288 1011712
277040734 3670 712400 1011712
277041074 3670 712432 1011712
277094322 3670 712432 1015808
277095582 3670 716544 1015808
277095945 3670 716576 1015808
277149184 3670 716576 1019904
277149691 3670 720688 1019904
277150013 3670 720720 1019904
277203245 3670 720720 1024000
277203740 3670 724832 1024000
277204069 3670 724864 1024000
277257314 3670 724864 1028096
277257822 3670 728976 1028096
277258148 3670 729008 1028096
277311394 3670 729008 1032192
277311895 3670 733120 1032192
277312220 3670 733152 1032192
277365543 3670 733152 1036288
277366045 3670 737264 1036288
277366387 3670 737296 1036288
277420477 3670 737296 1040384
277421017 3670 741408 1040384
277421363 3670 741440 1040384
277474729 3670 741440 1044480
277475318 3670 745552 1044480
277475688 3670 745584 1044480
277528986 3670 745584 1048576
277529509 3670 749696 1048576
277529839 3670 749728 1048576
277583076 3670 749728 1052672
277583585 3670 753840 1052672
277583909 3670 753872 1052672
277637165 3670 753872 1056768
277637668 3670 757984 1056768
277637995 3670 758016 1056768
277691277 3670 758016 1060864
277691782 3670 762128 1060864
277692137 3670 762160 1060864
277745368 3670 762160 1064960
277745874 3670 766272 1064960
277746228 3670 766304 1064960
277800717 3670 766304 1069056
277801237 3670 770416 1069056
277801590 3670 770448 1069056
277854886 3670 770448 1073152
277856195 3670 774560 1073152
277856545 3670 774592 1073152
277909890 3670 774592 1077248
277910394 3670 778704 1077248
277910723 3670 778736 1077248
277963904 3670 778736 1081344
277964408 3670 782848 1081344
277964733 3670 782880 1081344
278017935 3670 782880 1085440
278018441 3670 786992 1085440
278018787 3670 787024 1085440
278072042 3670 787024 1089536
278072548 3670 791136 1089536
278072871 3670 791168 1089536
278126099 3670 791168 1093632
278126608 3670 795280 1093632
278126931 3670 795312 1093632
278180177 3670 795312 1097728
278180777 3670 799424 1097728
278181106 3670 799456 1097728
278234349 3670 799456 1101824
278234866 3670 803568 1101824
278235213 3670 803600 1101824
278288534 3670 803600 1105920
278289047 3670 807712 1105920
278289420 3670 807744 1105920
278342698 3670 807744 1110016
278343204 3670 811856 1110016
278343537 3670 811888 1110016
278396814 3670 811888 1114112
278397319 3670 816000 1114112
278397657 3670 816032 1114112
278451137 3670 816032 1118208
278451662 3670 820144 1118208
278452002 3670 820176 1118208
278505250 3670 820176 1122304
278505756 3670 824288 1122304
278506652 3670 824288 1126400
278507260 3670 824320 1126400
278559871 3670 828432 1126400
278560829 3670 828432 1130496
278562508 3670 828464 1130496
278572793 3670 828464 1134592
278629565 3670 832576 1134592
278630859 3670 832576 1138688
278631448 3670 832608 1138688
278684095 3670 836720 1138688
278685126 3670 836720 1142784
278685685 3670 836752 1142784
278749322 3670 840864 1142784
278750708 3670 840864 1146880
278751447 3670 840896 1146880
278804285 3670 845008 1146880
278805255 3670 845008 1150976
278805814 3670 845040 1150976
278858352 3670 849152 1150976
278859283 3670 849152 1155072
278859846 3670 849184 1155072
278912341 3670 853296 1155072
278913293 3670 853296 1159168
278913860 3670 853328 1159168
278966439 3670 857440 1159168
278967385 3670 857440 1163264
278967956 3670 857472 1163264
279020491 3670 861584 1163264
279021423 3670 861584 1167360
279021973 3670 861616 1167360
279074562 3670 865728 1167360
279075489 3670 865728 1171456
279076049 3670 865760 1171456
279128566 3670 869872 1171456
279129556 3670 869872 1175552
279130123 3670 869904 1175552
279182639 3670 874016 1175552
279183476 3670 874016 1179648
279184141 3670 874048 1179648
279236672 3670 878160 1179648
279237495 3670 878160 1183744
279238166 3670 878192 1183744
279290711 3670 882304 1183744
279291532 3670 882304 1187840
279292232 3670 882336 1187840
279344772 3670 886448 1187840
279345613 3670 886448 1191936
279347132 3670 886480 1191936
279399732 3670 890592 1191936
279408265 3670 890592 1196032
279409260 3670 890624 1196032
279461957 3670 894736 1196032
279464145 3670 894736 1200128
279464857 3670 894768 1200128
279517410 3670 898880 1200128
279518230 3670 898880 1204224
279518927 3670 898912 1204224
279571457 3670 903024 1204224
279572306 3670 903024 1208320
279572999 3670 903056 1208320
279625556 3670 907168 1208320
279626381 3670 907168 1212416
279627072 3670 907200 1212416
279679687 3670 911312 1212416
279680492 3670 911312 1216512
279681185 3670 911344 1216512
279733733 3670 915456 1216512
279734553 3670 915456 1220608
279735247 3670 915488 1220608
279787807 3670 919600 1220608
279788656 3670 919600 1224704
279789354 3670 919632 1224704
279841957 3670 923744 1224704
279842775 3670 923744 1228800
279843700 3670 923776 1228800
279897107 3670 923776 1232896
279897536 3670 927888 1232896
279897874 3670 927920 1232896
279951153 3670 927920 1236992
279951627 3670 932032 1236992
279951961 3670 932064 1236992
280005271 3670 932064 1241088
280005737 3670 936176 1241088
280006063 3670 936208 1241088
280059432 3670 936208 1245184
280059900 3670 940320 1245184
280060285 3670 940352 1245184
280113569 3670 940352 1249280
280114886 3670 944464 1249280
280115254 3670 944496 1249280
280168599 3670 944496 1253376
280169089 3670 948608 1253376
280169426 3670 948640 1253376
280222779 3670 948640 1257472
280223249 3670 952752 1257472
280223577 3670 952784 1257472
280276869 3670 952784 1261568
280277342 3670 956896 1261568
280277674 3670 956928 1261568
280330956 3670 956928 1265664
280331417 3670 961040 1265664
280331757 3670 961072 1265664
280385130 3670 961072 1269760
280385601 3670 965184 1269760
280385942 3670 965216 1269760
280439676 3670 965216 1273856
280440149 3670 969328 1273856
280440473 3670 969360 1273856
280493780 3670 969360 1277952
280494249 3670 973472 1277952
280494585 3670 973504 1277952
280547920 3670 973504 1282048
280548482 3670 977616 1282048
280548815 3670 977648 1282048
280602130 3670 977648 1286144
280602593 3670 981760 1286144
280602944 3670 981792 1286144
280656220 3670 981792 1290240
280656683 3670 985904 1290240
280657011 3670 985936 1290240
280710302 3670 985936 1294336
280710772 3670 990048 1294336
280711097 3670 990080 1294336
280764504 3670 990080 1298432
280764986 3670 994192 1298432
280765318 3670 994224 1298432
280818634 3670 994224 1302528
280819128 3670 998336 1302528
280819476 3670 998368 1302528
280872802 3670 998368 1306624
280874172 3670 1002480 1306624
280874537 3670 1002512 1306624
280927992 3670 1002512 1310720
280928504 3670 1006624 1310720
280928834 3670 1006656 1310720
280982125 3670 1006656 1314816
280982623 3670 1010768 1314816
280982948 3670 1010800 1314816
281036192 3670 1010800 1318912
281036709 3670 1014912 1318912
281037042 3670 1014944 1318912
281090267 3670 1014944 1323008
281090777 3670 1019056 1323008
281091126 3670 1019088 1323008
281145346 3670 1019088 1327104
281145864 3670 1023200 1327104
281146193 3670 1023232 1327104
281199417 3670 1023232 1331200
281199918 3670 1027344 1331200
281200260 3670 1027376 1331200
281253555 3670 1027376 1335296
281254065 3670 1031488 1335296
281254410 3670 1031520 1335296
281307778 3670 1031520 1339392
281308291 3670 1035632 1339392
281308626 3670 1035664 1339392
281361900 3670 1035664 1343488
281362413 3670 1039776 1343488
281362757 3670 1039808 1343488
281416188 3670 1039808 1347584
281416688 3670 1043920 1347584
281417016 3670 1043952 1347584
281470274 3670 1043952 1351680
281470784 3670 1048064 1351680
281471112 3670 1048096 1351680
281524344 3670 1048096 1355776
281524851 3670 1052208 1355776
281525172 3670 1052240 1355776
281578392 3670 1052240 1359872
281579001 3670 1056352 1359872
281579325 3670 1056384 1359872
281632542 3670 1056384 1363968
281633770 3670 1060496 1363968
281634117 3670 1060528 1363968
281686745 3670 1060528 1363968
281739256 3670 1056384 1363968
281791716 3670 1052240 1363968
281844230 3670 1048096 1363968
281896690 3670 1043952 1363968
281949146 3670 1039808 1363968
282001627 3670 1035664 1363968
282054131 3670 1031520 1363968
282106623 3670 1027376 1363968
282159094 3670 1023232 1363968
282211569 3670 1019088 1363968
282264028 3670 1014944 1363968
282316498 3670 1010800 1363968
282368972 3670 1006656 1363968
282421723 3670 1002512 1363968
282474187 3670 998368 1363968
282526671 3670 994224 1363968
282579131 3670 990080 1363968
282631586 3670 985936 1363968
282684058 3670 981792 1363968
282736515 3670 977648 1363968
282788991 3670 973504 1363968
282841462 3670 969360 1363968
282893908 3670 965216 1363968
282946438 3670 961072 1363968
282999063 3670 956928 1363968
283056563 3670 952784 1363968
283109148 3670 948640 1363968
283161982 3670 944496 1363968
283214638 3670 940352 1363968
283267159 3670 936208 1363968
283319726 3670 932064 1363968
283372208 3670 927920 1363968
283425090 3670 923776 1363968
283477570 3670 919632 1363968
283530073 3670 915488 1363968
283582564 3670 911344 1363968
283635082 3670 907200 1363968
283687563 3670 903056 1363968
283740037 3670 898912 1363968
283792532 3670 894768 1363968
283845039 3670 890624 1363968
283897516 3670 886480 1363968
283950000 3670 882336 1363968
284002518 3670 878192 1363968
284055008 3670 874048 1363968
284107515 3670 869904 1363968
284160040 3670 865760 1363968
284212542 3670 861616 1363968
284265023 3670 857472 1363968
284317504 3670 853328 1363968
284370065 3670 849184 1363968
284422888 3670 845040 1363968
284475362 3670 840896 1363968
284527866 3670 836752 1363968
284580360 3670 832608 1363968
284632845 3670 828464 1363968
284685362 3670 824320 1363968
284737851 3670 820176 1363968
284790367 3670 816032 1363968
284842857 3670 811888 1363968
284895359 3670 807744 1363968
284947875 3670 803600 1363968
285000370 3670 799456 1363968
285052846 3670 795312 1363968
285105369 3670 791168 1363968
285157844 3670 787024 1363968
285210508 3670 782880 1363968
285263134 3670 778736 1363968
285315651 3670 774592 1363968
285368131 3670 770448 1363968
285420715 3670 766304 1363968
285473285 3670 762160 1363968
285525806 3670 758016 1363968
285578288 3670 753872 1363968
285630778 3670 749728 1363968
285683256 3670 745584 1363968
285735736 3670 741440 1363968
285788234 3670 737296 1363968
285840720 3670 733152 1363968
285893201 3670 729008 1363968
285945694 3670 724864 1363968
285998170 3670 720720 1363968
286050663 3670 716576 1363968
286103151 3670 712432 1363968
286155679 3670 708288 1363968
286208150 3670 704144 1363968
286260645 3670 700000 1363968
286313148 3670 695856 1363968
286365663 3670 691712 1363968
286418320 3670 687568 1363968
286470792 3670 683424 1363968
286524543 3670 679280 1363968
286577066 3670 675136 1363968
286636675 3670 670992 1363968
286688868 3670 666848 1363968
286741071 3670 662704 1363968
286793309 3670 658560 1363968
286845537 3670 654416 1363968
286897734 3670 650272 1363968
286949963 3670 646128 1363968
287002177 3670 641984 1363968
287054437 3670 637840 1363968
287106710 3670 633696 1363968
287158939 3670 629552 1363968
287211142 3670 625408 1363968
287263377 3670 621264 1363968
287315725 3670 617120 1363968
287368024 3670 612976 1363968
287420511 3670 608832 1363968
287472708 3670 604688 1363968
287524905 3670 600544 1363968
287577130 3670 596400 1363968
287629380 3670 592256 1363968
287681697 3670 588112 1363968
287733918 3670 583968 1363968
287786182 3670 579824 1363968
287838412 3670 575680 1363968
287890655 3670 571536 1363968
287942863 3670 567392 1363968
287995058 3670 563248 1363968
288047279 3670 559104 1363968
288099551 3670 554960 1363968
288151931 3670 550816 1363968
288204284 3670 546672 1363968
288256603 3670 542528 1363968
288308961 3670 538384 1363968
288361457 3670 534240 1363968
288413875 3670 530096 1363968
288466158 3670 525952 1363968
288518419 3670 521808 1363968
288570722 3670 517664 1363968
288622952 3670 513520 1363968
288675248 3670 509376 1363968
288727569 3670 505232 1363968
288780044 3670 501088 1363968
288832423 3670 496944 1363968
288884741 3670 492800 1363968
288937110 3670 488656 1363968
288989430 3670 484512 1363968
289047788 3670 480368 1363968
289100152 3670 476224 1363968
289152353 3670 472080 1363968
289204608 3670 467936 1363968
289256790 3670 463792 1363968
289308987 3670 459648 1363968
289361200 3670 455504 1363968
289413505 3670 451360 1363968
289465775 3670 447216 1363968
289519850 3670 443072 1363968
289576739 3670 438928 1363968
289636390 3670 434784 1363968
289694535 3670 430640 1363968
289747267 3670 426496 1363968
289800178 3670 422352 1363968
289853099 3670 418208 1363968
289905954 3670 414064 1363968
289958823 3670 409920 1363968
290011637 3670 405776 1363968
290064474 3670 401632 1363968
290117284 3670 397488 1363968
290169886 3670 393344 1363968
290222548 3670 389200 1363968
290275287 3670 385056 1363968
290332455 3670 380912 1363968
290385351 3670 376768 1363968
290438246 3670 372624 1363968
290490968 3670 368480 1363968
290543622 3670 364336 1363968
290596396 3670 360192 1363968
290649104 3670 356048 1363968
290701737 3670 351904 1363968
290762344 3670 347760 1363968
290815341 3670 343616 1363968
290868171 3670 339472 1363968
290921001 3670 335328 1363968
290973721 3670 331184 1363968
291026454 3670 327040 1363968
291079221 3670 322896 1363968
291131987 3670 318752 1363968
291184632 3670 314608 1363968
291237297 3670 310464 1363968
291289956 3670 306320 1363968
291342555 3670 302176 1363968
291395236 3670 298032 1363968
291448487 3670 293888 1363968
291501288 3670 289744 1363968
291554040 3670 285600 1363968
291606709 3670 281456 1363968
291659358 3670 277312 1363968
291712153 3670 273168 1363968
291764902 3670 269024 1363968
291817638 3670 264880 1363968
291870315 3670 260736 1363968
291922962 3670 256592 1363968
291975581 3670 252448 1363968
292028360 3670 248304 1363968
292080994 3670 244160 1363968
292133714 3670 240016 1363968
292186390 3670 235872 1363968
292239148 3670 231728 1363968
292291850 3670 227584 1363968
292344656 3670 223440 1363968
292397362 3670 219296 1363968
292450483 3670 215152 1363968
292503195 3670 211008 1363968
292555906 3670 206864 1363968
292608648 3670 202720 1363968
292661310 3670 198576 1363968
292713975 3670 194432 1363968
292766619 3670 190288 1363968
292819230 3670 186144 1363968
292871968 3670 182000 1363968
292924684 3670 177856 1363968
292977465 3670 173712 1363968
293030289 3670 169568 1363968
293083053 3670 165424 1363968
293135745 3670 161280 1363968
293188510 3670 157136 1363968
293241113 3670 152992 1363968
293293941 3670 148848 1363968
293346610 3670 144704 1363968
293399506 3670 140560 1363968
293460195 3670 136416 1363968
293512824 3670 132272 1363968
293565632 3670 128128 1363968
293618268 3670 123984 1363968
293670950 3670 119840 1363968
293723606 3670 115696 1363968
293776401 3670 111552 1363968
293829156 3670 107408 1363968
293882020 3670 103264 1363968
293934850 3670 99120 1363968
293987569 3670 94976 1363968
294040231 3670 90832 1363968
294093028 3670 86688 1363968
294145706 3670 82544 1363968
294198353 3670 78400 1363968
294251030 3670 74256 1363968
294303816 3670 70112 1363968
294356616 3670 65968 1363968
294409606 3670 61824 1363968
294462344 3670 57680 1363968
294514989 3670 53536 1363968
294567632 3670 49392 1363968
294620318 3670 45248 1363968
294673061 3670 41104 1363968
294725863 3670 36960 1363968
294778589 3670 32816 1363968
294831281 3670 28672 1363968
294883986 3670 24528 1363968
294936736 3670 20384 1363968
294989456 3670 16240 1363968
295042173 3670 12096 1363968
295094812 3670 7952 1363968
295147480 3670 3808 1363968
295200367 3670 368 1363968
295200829 3670 3776 1363968
295201101 3670 3808 1363968
295253759 3670 7920 1363968
295254063 3670 7952 1363968
295306602 3670 12064 1363968
295306898 3670 12096 1363968
295359450 3670 16208 1363968
295359752 3670 16240 1363968
295412536 3670 20352 1363968
295412847 3670 20384 1363968
295465404 3670 24496 1363968
295465706 3670 24528 1363968
295518235 3670 28640 1363968
295518535 3670 28672 1363968
295571067 3670 32784 1363968
295571362 3670 32816 1363968
295623888 3670 36928 1363968
295624364 3670 36960 1363968
295676904 3670 41072 1363968
295677199 3670 41104 1363968
295729725 3670 45216 1363968
295730024 3670 45248 1363968
295782581 3670 49360 1363968
295782877 3670 49392 1363968
295835409 3670 53504 1363968
295835706 3670 53536 1363968
295888281 3670 57648 1363968
295888581 3670 57680 1363968
295941119 3670 61792 1363968
295941412 3670 61824 1363968
295993951 3670 65936 1363968
295994243 3670 65968 1363968
296046829 3670 70080 1363968
296047128 3670 70112 1363968
296099715 3670 74224 1363968
296100011 3670 74256 1363968
296152560 3670 78368 1363968
296152862 3670 78400 1363968
296205396 3670 82512 1363968
296205690 3670 82544 1363968
296258275 3670 86656 1363968
296258574 3670 86688 1363968
296311132 3670 90800 1363968
296311449 3670 90832 1363968
296364090 3670 94944 1363968
296368283 3670 94976 1363968
296421131 3670 99088 1363968
296421446 3670 99120 1363968
296474019 3670 103232 1363968
296474319 3670 103264 1363968
296528311 3670 107376 1363968
296528899 3670 107408 1363968
296581510 3670 111520 1363968
296581843 3670 111552 1363968
296634425 3670 115664 1363968
296634719 3670 115696 1363968
296687271 3670 119808 1363968
296687565 3670 119840 1363968
296740125 3670 123952 1363968
296740428 3670 123984 1363968
296792971 3670 128096 1363968
296793275 3670 128128 1363968
296845828 3670 132240 1363968
296846120 3670 132272 1363968
296898660 3670 136384 1363968
296898955 3670 136416 1363968
296951573 3670 140528 1363968
296951869 3670 140560 1363968
297004427 3670 144672 1363968
297004719 3670 144704 1363968
297057296 3670 148816 1363968
297057591 3670 148848 1363968
297110170 3670 152960 1363968
297110483 3670 152992 1363968
297163110 3670 157104 1363968
297163407 3670 157136 1363968
297215953 3670 161248 1363968
297216255 3670 161280 1363968
297268817 3670 165392 1363968
297269113 3670 165424 1363968
297321662 3670 169536 1363968
297321962 3670 169568 1363968
297374526 3670 173680 1363968
297374823 3670 173712 1363968
297427580 3670 177824 1363968
297427875 3670 177856 1363968
297480444 3670 181968 1363968
297480736 3670 182000 1363968
297533270 3670 186112 1363968
297533560 3670 186144 1363968
297586105 3670 190256 1363968
297586395 3670 190288 1363968
297638985 3670 194400 1363968
297639277 3670 194432 1363968
297691841 3670 198544 1363968
297692138 3670 198576 1363968
297744701 3670 202688 1363968
297744992 3670 202720 1363968
297797547 3670 206832 1363968
297797842 3670 206864 1363968
297850404 3670 210976 1363968
297850705 3670 211008 1363968
297903272 3670 215120 1363968
297903570 3670 215152 1363968
297956161 3670 219264 1363968
297956459 3670 219296 1363968
298009026 3670 223408 1363968
298009320 3670 223440 1363968
298061895 3670 227552 1363968
298062190 3670 227584 1363968
298114750 3670 231696 1363968
298115046 3670 231728 1363968
298167616 3670 235840 1363968
298167932 3670 235872 1363968
298220507 3670 239984 1363968
298220801 3670 240016 1363968
298273369 3670 244128 1363968
298273709 3670 244160 1363968
298326254 3670 248272 1363968
298326547 3670 248304 1363968
298379085 3670 252416 1363968
298379437 3670 252448 1363968
298432438 3670 256560 1363968
298432738 3670 256592 1363968
298485284 3670 260704 1363968
298485574 3670 260736 1363968
298538136 3670 264848 1363968
298538430 3670 264880 1363968
298591004 3670 268992 1363968
298591377 3670 269024 1363968
298643938 3670 273136 1363968
298644253 3670 273168 1363968
298696817 3670 277280 1363968
298697115 3670 277312 1363968
298749709 3670 281424 1363968
298750021 3670 281456 1363968
298802576 3670 285568 1363968
298802905 3670 285600 1363968
298855460 3670 289712 1363968
298855758 3670 289744 1363968
298908356 3670 293856 1363968
298908670 3670 293888 1363968
298961232 3670 298000 1363968
298961526 3670 298032 1363968
299014062 3670 302144 1363968
299014367 3670 302176 1363968
299066913 3670 306288 1363968
299067205 3670 306320 1363968
299119766 3670 310432 1363968
299120061 3670 310464 1363968
299172626 3670 314576 1363968
299172918 3670 314608 1363968
299225462 3670 318720 1363968
299225754 3670 318752 1363968
299278355 3670 322864 1363968
299278647 3670 322896 1363968
299331239 3670 327008 1363968
299331533 3670 327040 1363968
299384086 3670 331152 1363968
299384383 3670 331184 1363968
299437225 3670 335296 1363968
299437641 3670 335328 1363968
299490259 3670 339440 1363968
299490556 3670 339472 1363968
299543106 3670 343584 1363968
299543402 3670 343616 1363968
299595972 3670 347728 1363968
299596272 3670 347760 1363968
299648811 3670 351872 1363968
299649111 3670 351904 1363968
299701661 3670 356016 1363968
299701961 3670 356048 1363968
299754521 3670 360160 1363968
299754817 3670 360192 1363968
299807390 3670 364304 1363968
299807689 3670 364336 1363968
299860234 3670 368448 1363968
299860527 3670 368480 1363968
299913089 3670 372592 1363968
299913386 3670 372624 1363968
299965930 3670 376736 1363968
299966227 3670 376768 1363968
300018918 3670 380880 1363968
300022837 3670 380912 1363968
300075607 3670 385024 1363968
300075932 3670 385056 1363968
300128500 3670 389168 1363968
300128799 3670 389200 1363968
300181578 3670 393312 1363968
300181946 3670 393344 1363968
300234572 3670 397456 1363968
300234870 3670 397488 1363968
300287457 3670 401600 1363968
300287800 3670 401632 1363968
300340393 3670 405744 1363968
300340686 3670 405776 1363968
300393257 3670 409888 1363968
300393571 3670 409920 1363968
300446556 3670 414032 1363968
300446892 3670 414064 1363968
300499440 3670 418176 1363968
300499737 3670 418208 1363968
300552344 3670 422320 1363968
300552735 3670 422352 1363968
300605338 3670 426464 1363968
300605631 3670 426496 1363968
300658196 3670 430608 1363968
300658490 3670 430640 1363968
300711048 3670 434752 1363968
300711342 3670 434784 1363968
300763888 3670 438896 1363968
300764184 3670 438928 1363968
300816727 3670 443040 1363968
300817078 3670 443072 1363968
300869920 3670 447184 1363968
300870275 3670 447216 1363968
300922908 3670 451328 1363968
300923280 3670 451360 1363968
300975830 3670 455472 1363968
300976176 3670 455504 1363968
301028761 3670 459616 1363968
301029104 3670 459648 1363968
301081687 3670 463760 1363968
301082024 3670 463792 1363968
301134632 3670 467904 1363968
301134956 3670 467936 1363968
301187539 3670 472048 1363968
301187863 3670 472080 1363968
301240410 3670 476192 1363968
301240709 3670 476224 1363968
301293310 3670 480336 1363968
301293629 3670 480368 1363968
301346189 3670 484480 1363968
301346486 3670 484512 1363968
301399125 3670 488624 1363968
301399424 3670 488656 1363968
301458453 3670 492768 1363968
301458845 3670 492800 1363968
301511497 3670 496912 1363968
301511836 3670 496944 1363968
301564484 3670 501056 1363968
301564845 3670 501088 1363968
301617508 3670 505200 1363968
301617912 3670 505232 1363968
301670581 3670 509344 1363968
301670924 3670 509376 1363968
301723473 3670 513488 1363968
301723771 3670 513520 1363968
301776359 3670 517632 1363968
301776657 3670 517664 1363968
301829223 3670 521776 1363968
301829521 3670 521808 1363968
301882105 3670 525920 1363968
301882402 3670 525952 1363968
301934960 3670 530064 1363968
301935264 3670 530096 1363968
301987835 3670 534208 1363968
301988198 3670 534240 1363968
302040742 3670 538352 1363968
302041113 3670 538384 1363968
302093703 3670 542496 1363968
302094055 3670 542528 1363968
302146648 3670 546640 1363968
302147042 3670 546672 1363968
302199724 3670 550784 1363968
302200125 3670 550816 1363968
302252762 3670 554928 1363968
302253065 3670 554960 1363968
302305626 3670 559072 1363968
302305933 3670 559104 1363968
302358534 3670 563216 1363968
302358831 3670 563248 1363968
302411722 3670 567360 1363968
302412019 3670 567392 1363968
302464566 3670 571504 1363968
302464908 3670 571536 1363968
302517538 3670 575648 1363968
302517839 3670 575680 1363968
302570439 3670 579792 1363968
302570738 3670 579824 1363968
302623327 3670 583936 1363968
302623659 3670 583968 1363968
302676285 3670 588080 1363968
302676616 3670 588112 1363968
302729238 3670 592224 1363968
302729540 3670 592256 1363968
302782161 3670 596368 1363968
302782458 3670 596400 1363968
302835038 3670 600512 1363968
302835365 3670 600544 1363968
302887958 3670 604656 1363968
302888285 3670 604688 1363968
302940938 3670 608800 1363968
302941238 3670 608832 1363968
302993785 3670 612944 1363968
302994125 3670 612976 1363968
303046717 3670 617088 1363968
303047021 3670 617120 1363968
303099593 3670 621232 1363968
303099926 3670 621264 1363968
303152481 3670 625376 1363968
303152778 3670 625408 1363968
303205311 3670 629520 1363968
303205610 3670 629552 1363968
303258157 3670 633664 1363968
303258526 3670 633696 1363968
303311088 3670 637808 1363968
303311408 3670 637840 1363968
303364022 3670 641952 1363968
303364376 3670 641984 1363968
303417219 3670 646096 1363968
303417547 3670 646128 1363968
303470221 3670 650240 1363968
303470544 3670 650272 1363968
303523091 3670 654384 1363968
303523427 3670 654416 1363968
303576005 3670 658528 1363968
303576328 3670 658560 1363968
303628891 3670 662672 1363968
303629195 3670 662704 1363968
303681890 3670 666816 1363968
303685675 3670 666848 1363968
303738420 3670 670960 1363968
303738748 3670 670992 1363968
303791338 3670 675104 1363968
303791640 3670 675136 1363968
303844448 3670 679248 1363968
303844793 3670 679280 1363968
303897365 3670 683392 1363968
303897712 3670 683424 1363968
303950263 3670 687536 1363968
303950561 3670 687568 1363968
304003141 3670 691680 1363968
304003434 3670 691712 1363968
304056019 3670 695824 1363968
304056330 3670 695856 1363968
304108891 3670 699968 1363968
304109204 3670 700000 1363968
304161783 3670 704112 1363968
304162077 3670 704144 1363968
304214643 3670 708256 1363968
304214936 3670 708288 1363968
304267482 3670 712400 1363968
304267780 3670 712432 1363968
304320343 3670 716544 1363968
304320640 3670 716576 1363968
304373207 3670 720688 1363968
304373503 3670 720720 1363968
304426452 3670 724832 1363968
304426751 3670 724864 1363968
304479293 3670 728976 1363968
304479589 3670 729008 1363968
304532188 3670 733120 1363968
304532480 3670 733152 1363968
304585075 3670 737264 1363968
304585368 3670 737296 1363968
304637980 3670 741408 1363968
304638274 3670 741440 1363968
304690872 3670 745552 1363968
304691165 3670 745584 1363968
304743738 3670 749696 1363968
304744055 3670 749728 1363968
304796652 3670 753840 1363968
304796942 3670 753872 1363968
304849494 3670 757984 1363968
304849786 3670 758016 1363968
304902337 3670 762128 1363968
304902659 3670 762160 1363968
304955272 3670 766272 1363968
304955566 3670 766304 1363968
305008113 3670 770416 1363968
305008408 3670 770448 1363968
305061008 3670 774560 1363968
305061302 3670 774592 1363968
305113848 3670 778704 1363968
305114141 3670 778736 1363968
305166690 3670 782848 1363968
305166985 3670 782880 1363968
305219524 3670 786992 1363968
305219819 3670 787024 1363968
305272392 3670 791136 1363968
305272685 3670 791168 1363968
305325245 3670 795280 1363968
305325535 3670 795312 1363968
305378095 3670 799424 1363968
305378388 3670 799456 1363968
305431206 3670 803568 1363968
305431499 3670 803600 1363968
305484074 3670 807712 1363968
305484387 3670 807744 1363968
305536962 3670 811856 1363968
305537285 3670 811888 1363968
305589881 3670 816000 1363968
305590175 3670 816032 1363968
305642739 3670 820144 1363968
305643034 3670 820176 1363968
305695587 3670 824288 1363968
305695878 3670 824320 1363968
305748420 3670 828432 1363968
305748712 3670 828464 1363968
305801295 3670 832576 1363968
305801590 3670 832608 1363968
305854173 3670 836720 1363968
305854491 3670 836752 1363968
305907054 3670 840864 1363968
305907348 3670 840896 1363968
305959897 3670 845008 1363968
305960241 3670 845040 1363968
306012891 3670 849152 1363968
306013199 3670 849184 1363968
306065763 3670 853296 1363968
306066062 3670 853328 1363968
306118623 3670 857440 1363968
306118915 3670 857472 1363968
306171491 3670 861584 1363968
306171785 3670 861616 1363968
306224363 3670 865728 1363968
306224663 3670 865760 1363968
306277213 3670 869872 1363968
306277513 3670 869904 1363968
306330098 3670 874016 1363968
306330395 3670 874048 1363968
306382967 3670 878160 1363968
306383306 3670 878192 1363968
306436163 3670 882304 1363968
306436467 3670 882336 1363968
306489018 3670 886448 1363968
306489311 3670 886480 1363968
306541891 3670 890592 1363968
306542193 3670 890624 1363968
306594795 3670 894736 1363968
306595109 3670 894768 1363968
306647672 3670 898880 1363968
306647965 3670 898912 1363968
306700518 3670 903024 1363968
306700823 3670 903056 1363968
306753423 3670 907168 1363968
306753722 3670 907200 1363968
306806327 3670 911312 1363968
306806626 3670 911344 1363968
306859286 3670 915456 1363968
306859584 3670 915488 1363968
306912168 3670 919600 1363968
306912468 3670 919632 1363968
306965060 3670 923744 1363968
306965354 3670 923776 1363968
307017907 3670 927888 1363968
307018206 3670 927920 1363968
307070796 3670 932032 1363968
307071096 3670 932064 1363968
307123706 3670 936176 1363968
307124013 3670 936208 1363968
307176574 3670 940320 1363968
307176879 3670 940352 1363968
307229432 3670 944464 1363968
307229725 3670 944496 1363968
307282275 3670 948608 1363968
307282579 3670 948640 1363968
307335231 3670 952752 1363968
307338882 3670 952784 1363968
307391642 3670 956896 1363968
307391968 3670 956928 1363968
307445035 3670 961040 1363968
307445353 3670 961072 1363968
307498100 3670 965184 1363968
307498491 3670 965216 1363968
307551148 3670 969328 1363968
307551452 3670 969360 1363968
307604074 3670 973472 1363968
307604378 3670 973504 1363968
307657008 3670 977616 1363968
307657339 3670 977648 1363968
307709918 3670 981760 1363968
307710237 3670 981792 1363968
307762813 3670 985904 1363968
307763125 3670 985936 1363968
307815733 3670 990048 1363968
307816029 3670 990080 1363968
307868580 3670 994192 1363968
307868879 3670 994224 1363968
307921444 3670 998336 1363968
307921747 3670 998368 1363968
307974352 3670 1002480 1363968
307974662 3670 1002512 1363968
308027302 3670 1006624 1363968
308027603 3670 1006656 1363968
308080200 3670 1010768 1363968
308080499 3670 1010800 1363968
308133063 3670 1014912 1363968
308133403 3670 1014944 1363968
308187065 3670 1019056 1363968
308187362 3670 1019088 1363968
308239981 3670 1023200 1363968
308240296 3670 1023232 1363968
308292880 3670 1027344 1363968
308293191 3670 1027376 1363968
308345756 3670 1031488 1363968
308346051 3670 1031520 1363968
308398646 3670 1035632 1363968
308398944 3670 1035664 1363968
308407838 3670 1039776 1363968
308408199 3670 1039808 1363968
308460917 3670 1043920 1363968
308461218 3670 1043952 1363968
308513815 3670 1048064 1363968
308514147 3670 1048096 1363968
308566715 3670 1052208 1363968
308567016 3670 1052240 1363968
308619560 3670 1056352 1363968
308619861 3670 1056384 1363968
308672415 3670 1060496 1363968
308672714 3670 1060528 1363968
308725249 3670 1060528 1363968
308777835 3670 1056384 1363968
308830418 3670 1052240 1363968
308883014 3670 1048096 1363968
308935653 3670 1043952 1363968
308988258 3670 1039808 1363968
309040880 3670 1035664 1363968
309093495 3670 1031520 1363968
309146108 3670 1027376 1363968
309198732 3670 1023232 1363968
309251316 3670 1019088 1363968
309303964 3670 1014944 1363968
309356546 3670 1010800 1363968
309409536 3670 1006656 1363968
309462144 3670 1002512 1363968
309514756 3670 998368 1363968
309567370 3670 994224 1363968
309619991 3670 990080 1363968
309672582 3670 985936 1363968
309725210 3670 981792 1363968
309777801 3670 977648 1363968
309830400 3670 973504 1363968
309883015 3670 969360 1363968
309935620 3670 965216 1363968
309988292 3670 961072 1363968
310040903 3670 956928 1363968
310093489 3670 952784 1363968
310146135 3670 948640 1363968
310198773 3670 944496 1363968
310251380 3670 940352 1363968
310303983 3670 936208 1363968
310356660 3670 932064 1363968
310409542 3670 927920 1363968
310462157 3670 923776 1363968
310514752 3670 919632 1363968
310567358 3670 915488 1363968
310619961 3670 911344 1363968
310672602 3670 907200 1363968
310725194 3670 903056 1363968
310777783 3670 898912 1363968
310830386 3670 894768 1363968
310882984 3670 890624 1363968
310935573 3670 886480 1363968
310988171 3670 882336 1363968
311040763 3670 878192 1363968
311093407 3670 874048 1363968
311146025 3670 869904 1363968
311198680 3670 865760 1363968
311251318 3670 861616 1363968
311303969 3670 857472 1363968
311356564 3670 853328 1363968
311409406 3670 849184 1363968
311462034 3670 845040 1363968
311514636 3670 840896 1363968
311567238 3670 836752 1363968
311619850 3670 832608 1363968
311672446 3670 828464 1363968
311725043 3670 824320 1363968
311777664 3670 820176 1363968
311830264 3670 816032 1363968
311882863 3670 811888 1363968
311935472 3670 807744 1363968
311988076 3670 803600 1363968
312040680 3670 799456 1363968
312093287 3670 795312 1363968
312145915 3670 791168 1363968
312198515 3670 787024 1363968
312251117 3670 782880 1363968
312303743 3670 778736 1363968
312356370 3670 774592 1363968
312409276 3670 770448 1363968
312461876 3670 766304 1363968
312514502 3670 762160 1363968
312567131 3670 758016 1363968
312619718 3670 753872 1363968
312672320 3670 749728 1363968
312724907 3670 745584 1363968
312777536 3670 741440 1363968
312830153 3670 737296 1363968
312882755 3670 733152 1363968
312935352 3670 729008 1363968
312987951 3670 724864 1363968
313040545 3670 720720 1363968
313093159 3670 716576 1363968
313145864 3670 712432 1363968
313202555 3670 708288 1363968
313255262 3670 704144 1363968
313308034 3670 700000 1363968
313360762 3670 695856 1363968
313413815 3670 691712 1363968
313466454 3670 687568 1363968
313519040 3670 683424 1363968
313571630 3670 679280 1363968
313624305 3670 675136 1363968
313676919 3670 670992 1363968
313729534 3670 666848 1363968
313782145 3670 662704 1363968
313834750 3670 658560 1363968
313887385 3670 654416 1363968
313940047 3670 650272 1363968
313992659 3670 646128 1363968
314045296 3670 641984 1363968
314097905 3670 637840 1363968
314150514 3670 633696 1363968
314203125 3670 629552 1363968
314255744 3670 625408 1363968
314308369 3670 621264 1363968
314360988 3670 617120 1363968
314413869 3670 612976 1363968
314466521 3670 608832 1363968
314519167 3670 604688 1363968
314571774 3670 600544 1363968
314624383 3670 596400 1363968
314677036 3670 592256 1363968
314729630 3670 588112 1363968
314782247 3670 583968 1363968
314834898 3670 579824 1363968
314887498 3670 575680 1363968
314940093 3670 571536 1363968
314992721 3670 567392 1363968
315045326 3670 563248 1363968
315097947 3670 559104 1363968
315150555 3670 554960 1363968
315203154 3670 550816 1363968
315255752 3670 546672 1363968
315308362 3670 542528 1363968
315360959 3670 538384 1363968
315413903 3670 534240 1363968
315466495 3670 530096 1363968
315519142 3670 525952 1363968
315571764 3670 521808 1363968
315624395 3670 517664 1363968
315677005 3670 513520 1363968
315729619 3670 509376 1363968
315782253 3670 505232 1363968
315834860 3670 501088 1363968
315887446 3670 496944 1363968
315940087 3670 492800 1363968
315992680 3670 488656 1363968
316045275 3670 484512 1363968
316097884 3670 480368 1363968
316150501 3670 476224 1363968
316203095 3670 472080 1363968
316255710 3670 467936 1363968
316308318 3670 463792 1363968
316360931 3670 459648 1363968
316413797 3670 455504 1363968
316466432 3670 451360 1363968
316519084 3670 447216 1363968
316571698 3670 443072 1363968
316624345 3670 438928 1363968
316676952 3670 434784 1363968
316729553 3670 430640 1363968
316782156 3670 426496 1363968
316834821 3670 422352 1363968
316887440 3670 418208 1363968
316940036 3670 414064 1363968
316992651 3670 409920 1363968
317045256 3670 405776 1363968
317097877 3670 401632 1363968
317150485 3670 397488 1363968
317203082 3670 393344 1363968
317255681 3670 389200 1363968
317308300 3670 385056 1363968
317360894 3670 380912 1363968
317413769 3670 376768 1363968
317466383 3670 372624 1363968
317518987 3670 368480 1363968
317571637 3670 364336 1363968
317624252 3670 360192 1363968
317676924 3670 356048 1363968
317729554 3670 351904 1363968
317782166 3670 347760 1363968
317834782 3670 343616 1363968
317887384 3670 339472 1363968
317940028 3670 335328 1363968
317992620 3670 331184 1363968
318045232 3670 327040 1363968
318097831 3670 322896 1363968
318150428 3670 318752 1363968
318203058 3670 314608 1363968
318255662 3670 310464 1363968
318308287 3670 306320 1363968
318360912 3670 302176 1363968
318413768 3670 298032 1363968
318466408 3670 293888 1363968
318519010 3670 289744 1363968
318571621 3670 285600 1363968
318624267 3670 281456 1363968
318676886 3670 277312 1363968
318729496 3670 273168 1363968
318782148 3670 269024 1363968
318834777 3670 264880 1363968
318887442 3670 260736 1363968
318940107 3670 256592 1363968
318993849 3670 252448 1363968
319046545 3670 248304 1363968
319099449 3670 244160 1363968
319152096 3670 240016 1363968
319204751 3670 235872 1363968
319257415 3670 231728 1363968
319310110 3670 227584 1363968
319362770 3670 223440 1363968
319415708 3670 219296 1363968
319468322 3670 215152 1363968
319520974 3670 211008 1363968
319573587 3670 206864 1363968
319626211 3670 202720 1363968
319678810 3670 198576 1363968
319731420 3670 194432 1363968
319784025 3670 190288 1363968
319836657 3670 186144 1363968
319889298 3670 182000 1363968
319941898 3670 177856 1363968
319994481 3670 173712 1363968
320047099 3670 169568 1363968
320099742 3670 165424 1363968
320152358 3670 161280 1363968
320204976 3670 157136 1363968
320257587 3670 152992 1363968
320310195 3670 148848 1363968
320362826 3670 144704 1363968
320415807 3670 140560 1363968
320472026 3670 136416 1363968
320524687 3670 132272 1363968
320578155 3670 128128 1363968
320631023 3670 123984 1363968
320683619 3670 119840 1363968
320736259 3670 115696 1363968
320788931 3670 111552 1363968
320841545 3670 107408 1363968
320894149 3670 103264 1363968
320946808 3670 99120 1363968
320999436 3670 94976 1363968
321052045 3670 90832 1363968
321104633 3670 86688 1363968
321157299 3670 82544 1363968
321209922 3670 78400 1363968
321262536 3670 74256 1363968
321315172 3670 70112 1363968
321367793 3670 65968 1363968
321420809 3670 61824 1363968
321473425 3670 57680 1363968
321526019 3670 53536 1363968
321578644 3670 49392 1363968
321631254 3670 45248 1363968
321683865 3670 41104 1363968
321736459 3670 36960 1363968
321789076 3670 32816 1363968
321841707 3670 28672 1363968
321894306 3670 24528 1363968
321946921 3670 20384 1363968
321999569 3670 16240 1363968
322052208 3670 12096 1363968
322104833 3670 7952 1363968
322157428 3670 3808 1363968
322210118 3670 384 1363968
322211344 1622 384 1363968
322222245 1582 384 1363968
322222654 1534 384 1363968
322226723 1534 384 1363968
322227266 1534 384 1363968
322227924 1534 384 1363968
322228360 1534 384 1363968
322228950 1534 384 1363968
322229464 1534 384 1363968
322229760 1534 384 1363968
322303658 1534 384 1368064
322306557 1534 384 1372160
322309075 1534 384 1376256
322311859 1534 384 1380352
322330641 1534 384 1384448
322334707 1534 384 1380352
357544260 1534 384 1384448
357564429 1534 384 1380352
357564831 1534 384 1376256
357565126 1534 384 1372160
357602804 1534 384 1376256
357622588 1534 384 1372160
357622956 1534 384 1368064
357623281 1534 384 1363968
357627981 1534 384 1368064
357639493 1534 384 1363968
357639706 1534 384 1359872
357639919 1534 384 1355776
357675026 1534 384 1359872
357718658 1534 384 1363968
357750343 1534 384 1368064
357802315 1534 384 1363968
357802564 1534 384 1359872
357802733 1534 384 1355776
357802896 1534 384 1351680
357811543 1534 384 1347584
357811967 1534 384 1343488
357812135 1534 384 1339392
357812288 1534 384 1335296
357812443 1534 384 1331200
357812595 1534 384 1327104
357812743 1534 384 1323008
357812889 1534 384 1318912
357813036 1534 384 1314816
357813181 1534 384 1310720
357813329 1534 384 1306624
357813478 1534 384 1302528
357813625 1534 384 1298432
357813771 1534 384 1294336
357813921 1534 384 1290240
357814069 1534 384 1286144
357814215 1534 384 1282048
357814362 1534 384 1277952
357814510 1534 384 1273856
357814658 1534 384 1269760
357814804 1534 384 1265664
357814952 1534 384 1261568
357815126 1534 384 1257472
357815278 1534 384 1253376
357815432 1534 384 1249280
357815584 1534 384 1245184
357815735 1534 384 1241088
357815884 1534 384 1236992
357816053 1534 384 1232896
357816200 1534 384 1228800
357816350 1534 384 1224704
357816498 1534 384 1220608
357816647 1534 384 1216512
357816796 1534 384 1212416
357816946 1534 384 1208320
357817094 1534 384 1204224
357817241 1534 384 1200128
357817391 1534 384 1196032
357817540 1534 384 1191936
357817687 1534 384 1187840
357817833 1534 384 1183744
357817981 1534 384 1179648
357818125 1534 384 1175552
357818270 1534 384 1171456
357818415 1534 384 1167360
357818558 1534 384 1163264
357818703 1534 384 1159168
357818848 1534 384 1155072
357818994 1534 384 1150976
357819138 1534 384 1146880
357819283 1534 384 1142784
357819427 1534 384 1138688
357819572 1534 384 1134592
357819717 1534 384 1130496
357819861 1534 384 1126400
357820004 1534 384 1122304
357820149 1534 384 1118208
357820293 1534 384 1114112
357820438 1534 384 1110016
357820584 1534 384 1105920
357820729 1534 384 1101824
357820875 1534 384 1097728
357840338 1534 384 1093632
357840565 1534 384 1089536
357840765 1534 384 1085440
357840959 1534 384 1081344
357841119 1534 384 1077248
357841404 1534 384 1073152
357841558 1534 384 1069056
357841736 1534 384 1064960
357841889 1534 384 1060864
357842043 1534 384 1056768
357842187 1534 384 1052672
357842352 1534 384 1048576
357842496 1534 384 1044480
357842643 1534 384 1040384
357842785 1534 384 1036288
357842932 1534 384 1032192
357843076 1534 384 1028096
357843222 1534 384 1024000
357843367 1534 384 1019904
357843511 1534 384 1015808
357843656 1534 384 1011712
357843801 1534 384 1007616
357843952 1534 384 1003520
357844205 1534 384 999424
357845104 1534 384 995328
357845274 1534 384 991232
357845424 1534 384 987136
357845576 1534 384 983040
357845737 1534 384 978944
357845901 1534 384 974848
357846055 1534 384 970752
357846222 1534 384 966656
357846370 1534 384 962560
357846521 1534 384 958464
357846667 1534 384 954368
357846816 1534 384 950272
357846963 1534 384 946176
357847112 1534 384 942080
357847257 1534 384 937984
357847410 1534 384 933888
357847557 1534 384 929792
357847704 1534 384 925696
357847851 1534 384 921600
357848000 1534 384 917504
357848148 1534 384 913408
357848296 1534 384 909312
357848438 1534 384 905216
357848589 1534 384 901120
357848734 1534 384 897024
357848904 1534 384 892928
357849049 1534 384 888832
357849194 1534 384 884736
357849344 1534 384 880640
357849492 1534 384 876544
357849641 1534 384 872448
357849787 1534 384 868352
357849938 1534 384 864256
357850085 1534 384 860160
357850237 1534 384 856064
357850385 1534 384 851968
357850534 1534 384 847872
357850680 1534 384 843776
357850831 1534 384 839680
357850975 1534 384 835584
357851123 1534 384 831488
357851267 1534 384 827392
357851416 1534 384 823296
357851560 1534 384 819200
357851709 1534 384 815104
357851853 1534 384 811008
357851999 1534 384 806912
357852143 1534 384 802816
357852291 1534 384 798720
357852433 1534 384 794624
357852583 1534 384 790528
357852726 1534 384 786432
357852876 1534 384 782336
357853040 1534 384 778240
357853213 1534 384 774144
357856870 1534 384 770048
357857048 1534 384 765952
357857202 1534 384 761856
357857349 1534 384 757760
357857496 1534 384 753664
357857645 1534 384 749568
357857793 1534 384 745472
357857943 1534 384 741376
357858089 1534 384 737280
357858234 1534 384 733184
357858377 1534 384 729088
357858522 1534 384 724992
357858664 1534 384 720896
357858812 1534 384 716800
357858956 1534 384 712704
357859104 1534 384 708608
357859246 1534 384 704512
357859389 1534 384 700416
357859531 1534 384 696320
357859677 1534 384 692224
357859821 1534 384 688128
357859969 1534 384 684032
357860113 1534 384 679936
357860257 1534 384 675840
357860399 1534 384 671744
357860547 1534 384 667648
357860713 1534 384 663552
357860858 1534 384 659456
357861059 1534 384 655360
357861205 1534 384 651264
357861349 1534 384 647168
357863512 1534 384 643072
357863676 1534 384 638976
357863839 1534 384 634880
357863995 1534 384 630784
357864148 1534 384 626688
357864295 1534 384 622592
357864441 1534 384 618496
357864592 1534 384 614400
357864737 1534 384 610304
357864888 1534 384 606208
357865035 1534 384 602112
357865187 1534 384 598016
357865333 1534 384 593920
357865482 1534 384 589824
357865628 1534 384 585728
357865778 1534 384 581632
357865922 1534 384 577536
357866073 1534 384 573440
357866219 1534 384 569344
357866370 1534 384 565248
357866539 1534 384 561152
357866689 1534 384 557056
357866837 1534 384 552960
357866988 1534 384 548864
357867136 1534 384 544768
357867289 1534 384 540672
357867436 1534 384 536576
357867587 1534 384 532480
357867734 1534 384 528384
357867884 1534 384 524288
357868030 1534 384 520192
357870198 1534 384 516096
357870365 1534 384 512000
357870520 1534 384 507904
357870692 1534 384 503808
357870845 1534 384 499712
357870992 1534 384 495616
357871138 1534 384 491520
357871289 1534 384 487424
357871437 1534 384 483328
357871594 1534 384 479232
357871741 1534 384 475136
357871894 1534 384 471040
357872044 1534 384 466944
357872196 1534 384 462848
357872342 1534 384 458752
357872492 1534 384 454656
357872638 1534 384 450560
357872789 1534 384 446464
357872935 1534 384 442368
357873080 1534 384 438272
357873227 1534 384 434176
357873376 1534 384 430080
357873521 1534 384 425984
357873671 1534 384 421888
357873839 1534 384 417792
357873987 1534 384 413696
357874134 1534 384 409600
357874285 1534 384 405504
357874431 1534 384 401408
357874580 1534 384 397312
357874727 1534 384 393216
357876058 1534 384 389120
357876221 1534 384 385024
357876375 1534 384 380928
357876523 1534 384 376832
357876665 1534 384 372736
357876808 1534 384 368640
357876950 1534 384 364544
357877094 1534 384 360448
357877235 1534 384 356352
357877383 1534 384 352256
357877536 1534 384 348160
357877680 1534 384 344064
357877826 1534 384 339968
357877970 1534 384 335872
357878118 1534 384 331776
357878261 1534 384 327680
357878407 1534 384 323584
357878551 1534 384 319488
357878697 1534 384 315392
357878840 1534 384 311296
357879180 1534 384 307200
357879328 1534 384 303104
357879477 1534 384 299008
357879624 1534 384 294912
357879774 1534 384 290816
357879919 1534 384 286720
357880066 1534 384 282624
357880211 1534 384 278528
357880361 1534 384 274432
357880508 1534 384 270336
357880656 1534 384 266240
357882144 1534 384 262144
357882301 1534 384 258048
357882451 1534 384 253952
357882603 1534 384 249856
357882747 1534 384 245760
357882896 1534 384 241664
357883037 1534 384 237568
357883179 1534 384 233472
357883326 1534 384 229376
357883471 1534 384 225280
357883615 1534 384 221184
357883759 1534 384 217088
357883907 1534 384 212992
357884049 1534 384 208896
357884195 1534 384 204800
357884341 1534 384 200704
357884484 1534 384 196608
357884628 1534 384 192512
357884775 1534 384 188416
357884941 1534 384 184320
357885084 1534 384 180224
357885231 1534 384 176128
357885380 1534 384 172032
357885525 1534 384 167936
357885673 1534 384 163840
357885818 1534 384 159744
357885969 1534 384 155648
357886117 1534 384 151552
357886265 1534 384 147456
357886410 1534 384 143360
357886561 1534 384 139264
357888072 1534 384 135168
357888232 1534 384 131072
357888388 1534 384 126976
357888542 1534 384 122880
357888691 1534 384 118784
357888843 1534 384 114688
357888994 1534 384 110592
357889146 1534 384 106496
357889300 1534 384 102400
357889446 1534 384 98304
357889597 1534 384 94208
357889742 1534 384 90112
357889893 1534 384 86016
357890038 1534 384 81920
357890187 1534 384 77824
357890334 1534 384 73728
357890484 1534 384 69632
357890629 1534 384 65536
357890782 1534 384 61440
357890927 1534 384 57344
357891076 1534 384 53248
357891245 1534 384 49152
357891390 1534 384 45056
357891536 1534 384 40960
357891687 1534 384 36864
357891835 1534 384 32768
357891983 1534 384 28672
357892131 1534 384 24576
357892280 1534 384 20480
357892428 1534 384 16384
357892580 1534 384 12288
357894141 1534 384 8192
357894323 1534 384 4096
